7.174419726273867370e-01,6.584840637794467932e-01,2.127445727429695121e-01,1.470504436671001558e-01,-1.309320747880333979e-02,-1.309320747880333979e-02,-9.839751703363891489e-01,-9.839751703363891489e-01,-5.740545619898093754e+00,-5.994916394584232755e+00,-6.011245749766506385e+00
-4.862219651152091870e+00,-4.992221147167871464e+00,-4.992221147167871464e+00,-4.992221147167871464e+00,-5.291448923856282960e+00,-5.990344280710441005e+00,-6.019945345735716380e+00,-6.019945345735716380e+00,-6.019945345735716380e+00,-6.019945345735716380e+00,-6.020737934637020672e+00
-5.788168205408332767e+00,-5.788168205408332767e+00,-5.788168205408332767e+00,-5.810373976154652453e+00,-5.810373976154652453e+00,-5.810373976154652453e+00,-5.932998424478368449e+00,-6.020577784050752612e+00,-6.020577784050752612e+00,-6.020577784050752612e+00,-6.020718073761086586e+00
-6.019116086324770798e+00,-6.019116086324770798e+00,-6.019116086324770798e+00,-6.019116086324770798e+00,-6.019116086324770798e+00,-6.019116086324770798e+00,-6.019116086324770798e+00,-6.019116086324770798e+00,-6.019116086324770798e+00,-6.019116086324770798e+00,-6.020734714927499454e+00
-4.185896794077098804e+00,-4.185896794077098804e+00,-4.185896794077098804e+00,-5.811554725861264536e+00,-5.811554725861264536e+00,-5.811554725861264536e+00,-5.918277984360112320e+00,-6.014977243637501303e+00,-6.014977243637501303e+00,-6.014977243637501303e+00,-6.019921119268650145e+00
-5.911591861105097934e+00,-5.911591861105097934e+00,-5.977862866486431059e+00,-5.988311817823129601e+00,-5.988311817823129601e+00,-5.988311817823129601e+00,-5.988311817823129601e+00,-6.002345985452781640e+00,-6.002345985452781640e+00,-6.020718217943686668e+00,-6.020718217943686668e+00
-4.142628324590888589e+00,-5.857442941659780189e+00,-5.857442941659780189e+00,-5.857442941659780189e+00,-5.963670366718914373e+00,-5.963670366718914373e+00,-6.008196914494520868e+00,-6.008196914494520868e+00,-6.008196914494520868e+00,-6.020738848404536547e+00,-6.020738848404536547e+00
-6.446609377830473386e-01,-6.715709221925807437e-01,-6.715709221925807437e-01,-6.715709221925807437e-01,-7.595130103351671602e-01,-9.309995468876772762e-01,-9.309995468876772762e-01,-9.861027843764987866e-01,-5.966340185657489137e+00,-5.966340185657489137e+00,-5.992512762396876802e+00
-9.637262185527644132e-01,-9.637262185527644132e-01,-9.637262185527644132e-01,-9.637262185527644132e-01,-9.863084070555084848e-01,-9.863084070555084848e-01,-9.863084070555084848e-01,-9.863084070555084848e-01,-9.863084070555084848e-01,-9.863084070555084848e-01,-9.863084070555084848e-01
2.588348884806149774e-01,2.588348884806149774e-01,2.557103259221584213e-01,2.275502843691112609e-01,1.333530690589743994e-01,-1.549994817543113679e-05,-1.549994817543113679e-05,-7.631120346884885663e-02,-3.531497634349722858e-01,-8.223055926193852949e-01,-9.862730497850364930e-01
-5.822463570483590978e+00,-5.859087661521143353e+00,-5.859087661521143353e+00,-5.859087661521143353e+00,-5.859087661521143353e+00,-5.952056636619310837e+00,-6.019938612902961061e+00,-6.019938612902961061e+00,-6.019938612902961061e+00,-6.020715133053629486e+00,-6.020715133053629486e+00
-5.584385896429573393e+00,-5.584385896429573393e+00,-5.584385896429573393e+00,-5.584385896429573393e+00,-5.616631414758982643e+00,-6.017747642130832908e+00,-6.017747642130832908e+00,-6.017747642130832908e+00,-6.020730204943712138e+00,-6.020730204943712138e+00,-6.020730204943712138e+00
-3.103515725593315899e+00,-3.578783532471008222e+00,-3.578783532471008222e+00,-3.578783532471008222e+00,-3.578783532471008222e+00,-6.020111131831175300e+00,-6.020111131831175300e+00,-6.020111131831175300e+00,-6.020111131831175300e+00,-6.020111131831175300e+00,-6.020111131831175300e+00
6.896500849606950201e-01,6.582670652229005714e-01,2.127445727429695121e-01,1.470504436671001558e-01,-1.052283124720870822e-02,-1.052283124720870822e-02,-9.806628454635539782e-01,-9.806628454635539782e-01,-9.823128535415724949e-01,-9.857015384055642926e-01,-5.620117846807827000e+00
-6.018572343445145023e+00,-6.018572343445145023e+00,-6.018572343445145023e+00,-6.018572343445145023e+00,-6.018572343445145023e+00,-6.018572343445145023e+00,-6.018572343445145023e+00,-6.019231967696573982e+00,-6.019231967696573982e+00,-6.019231967696573982e+00,-6.019231967696573982e+00
-4.357106267905938246e+00,-4.357106267905938246e+00,-4.371648200055351374e+00,-4.686145495812854556e+00,-4.902323520868974605e+00,-5.785602478274641136e+00,-6.020581221492619761e+00,-6.020581221492619761e+00,-6.020581221492619761e+00,-6.020581221492619761e+00,-6.020581221492619761e+00
-4.178078580515757423e+00,-4.270844973797141897e+00,-4.270844973797141897e+00,-4.637969919481509606e+00,-4.902706401349483656e+00,-5.750341820175849605e+00,-6.003599048738040622e+00,-6.003599048738040622e+00,-6.003599048738040622e+00,-6.003599048738040622e+00,-6.020727359427529457e+00
-5.130876300160002249e-03,-5.130876300160002249e-03,-5.130876300160002249e-03,-5.130876300160002249e-03,-8.304308669218258762e-03,-7.898376309764171266e-02,-1.979468356860486777e-01,-6.380952721979115116e-01,-9.712810060956426073e-01,-9.712810060956426073e-01,-9.712810060956426073e-01
-8.584698885965418302e-01,-8.855790159445189325e-01,-8.855790159445189325e-01,-8.855790159445189325e-01,-9.385855917135699222e-01,-9.385855917135699222e-01,-9.853258911655522478e-01,-9.853258911655522478e-01,-4.990051728220397997e+00,-5.686757502622907801e+00,-6.020708587999657802e+00
-5.951127007299289673e+00,-5.951127007299289673e+00,-5.951127007299289673e+00,-5.951127007299289673e+00,-5.954693153096060954e+00,-6.020227773135227167e+00,-6.020227773135227167e+00,-6.020227773135227167e+00,-6.020227773135227167e+00,-6.020268060536229093e+00,-6.020268060536229093e+00
-3.532191948956470151e-01,-3.532191948956470151e-01,-5.295878297641712917e-01,-5.959404901127587362e-01,-5.959404901127587362e-01,-9.677727848234969343e-01,-9.677727848234969343e-01,-3.905179198887021474e+00,-4.990051728220397997e+00,-5.996166847831744917e+00,-6.020172726598139512e+00
-1.981206410594625322e-01,-2.004634217689688358e-01,-2.004634217689688358e-01,-2.296214756167836435e-01,-2.619206155177317141e-01,-4.882307287113545335e-01,-5.761246036039580076e-01,-5.761246036039580076e-01,-9.836034566070063212e-01,-3.976973383982741694e+00,-5.719240503188104618e+00
-6.003317047801870032e+00,-6.003317047801870032e+00,-6.003317047801870032e+00,-6.003317047801870032e+00,-6.003317047801870032e+00,-6.003317047801870032e+00,-6.003317047801870032e+00,-6.003317047801870032e+00,-6.003317047801870032e+00,-6.020739795436407249e+00,-6.020739795436407249e+00
-5.113878631282497977e+00,-5.204931515217794846e+00,-5.378795469839775301e+00,-5.378795469839775301e+00,-5.905460227729820488e+00,-6.018941946514662078e+00,-6.020630731332587082e+00,-6.020630731332587082e+00,-6.020630731332587082e+00,-6.020630731332587082e+00,-6.020630731332587082e+00
-2.236593094800120307e-01,-2.490144682436828960e-01,-2.490144682436828960e-01,-2.490144682436828960e-01,-9.721186147532661082e-01,-9.721186147532661082e-01,-9.721186147532661082e-01,-9.721186147532661082e-01,-6.020736555625468611e+00,-6.020736555625468611e+00,-6.020736555625468611e+00
