7.174419726273867370e-01,7.174419726273867370e-01,-2.737294806662091129e-01,-6.562103366315390485e-01,-8.925614022802655922e-01,-9.827362813645765804e-01,-5.562114380650485579e+00,-5.977846052172179903e+00,-5.977846052172179903e+00,-6.018325939277717751e+00,-6.020626172868807302e+00
-4.862219651152091870e+00,-4.862219651152091870e+00,-5.664853412403454413e+00,-6.004208575896640809e+00,-6.004208575896640809e+00,-6.004208575896640809e+00,-6.004208575896640809e+00,-6.004208575896640809e+00,-6.004208575896640809e+00,-6.020689197874650844e+00,-6.020689197874650844e+00
-5.788168205408332767e+00,-5.788168205408332767e+00,-5.788168205408332767e+00,-5.898196741242426988e+00,-5.984720653826467007e+00,-6.020444200515393085e+00,-6.020444200515393085e+00,-6.020444200515393085e+00,-6.020444200515393085e+00,-6.020444200515393085e+00,-6.020444200515393085e+00
-6.019116086324770798e+00,-6.019116086324770798e+00,-6.019410538213230133e+00,-6.019410538213230133e+00,-6.019410538213230133e+00,-6.019410538213230133e+00,-6.019410538213230133e+00,-6.019410538213230133e+00,-6.019410538213230133e+00,-6.019410538213230133e+00,-6.019798244825352640e+00
-4.185896794077098804e+00,-4.185896794077098804e+00,-4.185896794077098804e+00,-6.007307969700752537e+00,-6.019596428795434662e+00,-6.019596428795434662e+00,-6.019596428795434662e+00,-6.020719671905225390e+00,-6.020719671905225390e+00,-6.020719671905225390e+00,-6.020719671905225390e+00
-5.911591861105097934e+00,-5.911591861105097934e+00,-6.000198358110600871e+00,-6.018325456400400064e+00,-6.018325456400400064e+00,-6.018325456400400064e+00,-6.018325456400400064e+00,-6.018325456400400064e+00,-6.018325456400400064e+00,-6.018325456400400064e+00,-6.020739877128432838e+00
-4.142628324590888589e+00,-5.055480066181456955e+00,-5.055480066181456955e+00,-6.006033114232683268e+00,-6.019923629918841002e+00,-6.019923629918841002e+00,-6.019923629918841002e+00,-6.019923629918841002e+00,-6.019923629918841002e+00,-6.019923629918841002e+00,-6.020739774918264509e+00
-6.446609377830473386e-01,-6.446609377830473386e-01,-6.446609377830473386e-01,-4.837581532580903065e+00,-4.837581532580903065e+00,-5.321787627246604480e+00,-5.633603750236191310e+00,-6.011251720104777263e+00,-6.011251720104777263e+00,-6.011251720104777263e+00,-6.014987232276812534e+00
-9.637262185527644132e-01,-9.637262185527644132e-01,-9.637262185527644132e-01,-9.637262185527644132e-01,-5.449582279529322726e+00,-5.949178745804258206e+00,-6.017908569303582311e+00,-6.017908569303582311e+00,-6.017908569303582311e+00,-6.017908569303582311e+00,-6.018579120101072100e+00
2.588348884806149774e-01,2.588348884806149774e-01,2.557103259221584213e-01,2.275502843691112609e-01,1.333530690589743994e-01,-1.549994817543113679e-05,-1.549994817543113679e-05,-1.845529145424373504e-02,-2.142161547065141169e-02,-2.142161547065141169e-02,-2.195357474762102065e-02
-5.822463570483590978e+00,-5.822463570483590978e+00,-6.005660178801681681e+00,-6.005660178801681681e+00,-6.005660178801681681e+00,-6.005660178801681681e+00,-6.005660178801681681e+00,-6.005660178801681681e+00,-6.005660178801681681e+00,-6.020148215126681635e+00,-6.020429306108705525e+00
-5.584385896429573393e+00,-5.584385896429573393e+00,-5.584385896429573393e+00,-5.955830991735431290e+00,-6.014836512981477590e+00,-6.019485919369051530e+00,-6.019485919369051530e+00,-6.019485919369051530e+00,-6.019485919369051530e+00,-6.020419388952862327e+00,-6.020419388952862327e+00
-3.103515725593315899e+00,-3.103515725593315899e+00,-4.857286211793198305e+00,-5.770239032496504272e+00,-5.963670366718914373e+00,-5.963670366718914373e+00,-5.963670366718914373e+00,-6.020562555903858026e+00,-6.020562555903858026e+00,-6.020721568719145544e+00,-6.020721568719145544e+00
6.896500849606950201e-01,6.896500849606950201e-01,7.206676752964635000e-05,-1.360179798014210240e-01,-1.360179798014210240e-01,-1.865651591592434599e-01,-5.763584277040014747e-01,-9.764389637137030897e-01,-5.186999119230016220e+00,-5.944158236447293575e+00,-6.020172726598139512e+00
-6.018572343445145023e+00,-6.018572343445145023e+00,-6.018572343445145023e+00,-6.018572343445145023e+00,-6.018572343445145023e+00,-6.018572343445145023e+00,-6.018572343445145023e+00,-6.018572343445145023e+00,-6.018572343445145023e+00,-6.018572343445145023e+00,-6.020726981485040596e+00
-4.357106267905938246e+00,-4.357106267905938246e+00,-5.196587096694469388e+00,-5.658041844940875365e+00,-6.019356519729648802e+00,-6.019356519729648802e+00,-6.019356519729648802e+00,-6.019356519729648802e+00,-6.019356519729648802e+00,-6.019356519729648802e+00,-6.019374129537994556e+00
-4.178078580515757423e+00,-4.270844973797141897e+00,-4.270844973797141897e+00,-4.637969919481509606e+00,-4.902706401349483656e+00,-5.750341820175849605e+00,-6.003599048738040622e+00,-6.003599048738040622e+00,-6.003599048738040622e+00,-6.003599048738040622e+00,-6.020727359427529457e+00
-5.130876300160002249e-03,-5.130876300160002249e-03,-2.773901451237094640e-01,-5.645896377543545563e-01,-9.420659582619651529e-01,-1.650360805606836845e+00,-3.955239044194552633e+00,-5.629355864302463708e+00,-5.730423351975652224e+00,-6.019494909062613530e+00,-6.020732584122220565e+00
-8.584698885965418302e-01,-8.584698885965418302e-01,-8.584698885965418302e-01,-3.624424092007289655e+00,-3.624424092007289655e+00,-5.595405044437615771e+00,-5.595405044437615771e+00,-6.001733494479075226e+00,-6.017768555082045445e+00,-6.018634880218408867e+00,-6.020213117868869368e+00
-5.951127007299289673e+00,-5.951127007299289673e+00,-5.951127007299289673e+00,-5.951127007299289673e+00,-5.954691004234105023e+00,-6.020632008337969410e+00,-6.020632008337969410e+00,-6.020632008337969410e+00,-6.020632008337969410e+00,-6.020632008337969410e+00,-6.020632008337969410e+00
-3.532191948956470151e-01,-3.532191948956470151e-01,-3.532191948956470151e-01,-5.904243738689914922e-01,-9.557622140582466841e-01,-3.166382403065836737e+00,-4.716802436270091547e+00,-5.943517507633181651e+00,-5.949208512834903040e+00,-6.020707464636918971e+00,-6.020707464636918971e+00
-1.981206410594625322e-01,-1.981206410594625322e-01,-1.981206410594625322e-01,-2.567319402577582510e-01,-9.014153015186602280e-01,-5.212734056263240490e+00,-5.875115631965283747e+00,-6.015312961004397607e+00,-6.015312961004397607e+00,-6.015312961004397607e+00,-6.017084424423423172e+00
-6.003317047801870032e+00,-6.003317047801870032e+00,-6.003317047801870032e+00,-6.003317047801870032e+00,-6.016182879607578471e+00,-6.016182879607578471e+00,-6.016182879607578471e+00,-6.016182879607578471e+00,-6.020536981538221255e+00,-6.020539814839588111e+00,-6.020731495876545658e+00
-5.113878631282497977e+00,-5.113878631282497977e+00,-5.563329455561074610e+00,-5.801651746988492064e+00,-6.020560058920888302e+00,-6.020560058920888302e+00,-6.020560058920888302e+00,-6.020560058920888302e+00,-6.020560058920888302e+00,-6.020560058920888302e+00,-6.020560058920888302e+00
-2.236593094800120307e-01,-2.236593094800120307e-01,-2.236593094800120307e-01,-3.174243432360634443e-01,-9.146387773418128697e-01,-4.656037782314766282e+00,-5.592872493866872574e+00,-5.989228401536284885e+00,-5.989228401536284885e+00,-6.020062105626545090e+00,-6.020717447203235650e+00
