7.174419726273867370e-01,7.174419726273867370e-01,2.266966563753319841e-01,-4.511199466273871361e-01,-5.774426046169402582e+00,-5.999682058439850252e+00,-6.016680687466633870e+00,-6.019026389134103816e+00,-6.019026389134103816e+00,-6.019026389134103816e+00,-6.020619286476792453e+00
-4.862219651152091870e+00,-4.862219651152091870e+00,-6.014092840710127064e+00,-6.014092840710127064e+00,-6.014092840710127064e+00,-6.014092840710127064e+00,-6.014092840710127064e+00,-6.014092840710127064e+00,-6.020632317689366353e+00,-6.020632317689366353e+00,-6.020632317689366353e+00
-5.788168205408332767e+00,-5.788168205408332767e+00,-5.995507749259797237e+00,-6.018258052944156944e+00,-6.018258052944156944e+00,-6.018258052944156944e+00,-6.018258052944156944e+00,-6.018258052944156944e+00,-6.018258052944156944e+00,-6.020731824591997849e+00,-6.020731824591997849e+00
-6.019116086324770798e+00,-6.019116086324770798e+00,-6.019116086324770798e+00,-6.019116086324770798e+00,-6.019116086324770798e+00,-6.019116086324770798e+00,-6.019116086324770798e+00,-6.019116086324770798e+00,-6.019116086324770798e+00,-6.020697031939161725e+00,-6.020697031939161725e+00
-4.185896794077098804e+00,-4.185896794077098804e+00,-6.020734832373213052e+00,-6.020734832373213052e+00,-6.020734832373213052e+00,-6.020734832373213052e+00,-6.020734832373213052e+00,-6.020734832373213052e+00,-6.020734832373213052e+00,-6.020734832373213052e+00,-6.020734832373213052e+00
-5.911591861105097934e+00,-5.911591861105097934e+00,-5.911591861105097934e+00,-6.010254925367507717e+00,-6.010254925367507717e+00,-6.010254925367507717e+00,-6.010254925367507717e+00,-6.010254925367507717e+00,-6.020673839789854931e+00,-6.020673839789854931e+00,-6.020673839789854931e+00
-4.142628324590888589e+00,-4.142628324590888589e+00,-4.142628324590888589e+00,-4.142628324590888589e+00,-4.142628324590888589e+00,-6.015818693494286329e+00,-6.015818693494286329e+00,-6.015818693494286329e+00,-6.015818693494286329e+00,-6.019712536860683194e+00,-6.019712536860683194e+00
-6.446609377830473386e-01,-6.446609377830473386e-01,-6.446609377830473386e-01,-5.658218160553356135e+00,-6.014323015749480916e+00,-6.014323015749480916e+00,-6.014323015749480916e+00,-6.019833016458906449e+00,-6.019833016458906449e+00,-6.019833016458906449e+00,-6.019833016458906449e+00
-9.637262185527644132e-01,-9.637262185527644132e-01,-9.637262185527644132e-01,-4.513675672954431839e+00,-4.513675672954431839e+00,-5.994443718808187604e+00,-5.994443718808187604e+00,-6.017391642849253763e+00,-6.017938648061880613e+00,-6.020734858746493501e+00,-6.020734858746493501e+00
2.588348884806149774e-01,2.588348884806149774e-01,-8.614979017326611643e-01,-4.630850470362587679e+00,-4.630850470362587679e+00,-6.020578004107068892e+00,-6.020578004107068892e+00,-6.020578004107068892e+00,-6.020578004107068892e+00,-6.020578004107068892e+00,-6.020578004107068892e+00
-5.822463570483590978e+00,-5.822463570483590978e+00,-6.009223863257370013e+00,-6.009223863257370013e+00,-6.009223863257370013e+00,-6.015383811928212587e+00,-6.015383811928212587e+00,-6.020431234004442800e+00,-6.020431234004442800e+00,-6.020431234004442800e+00,-6.020431234004442800e+00
-5.584385896429573393e+00,-5.584385896429573393e+00,-5.584385896429573393e+00,-5.584385896429573393e+00,-5.584385896429573393e+00,-5.976659809646445609e+00,-5.976659809646445609e+00,-6.012169218144557625e+00,-6.017451727363507530e+00,-6.020417161430851039e+00,-6.020417161430851039e+00
-3.103515725593315899e+00,-3.103515725593315899e+00,-5.989112686142770592e+00,-5.989112686142770592e+00,-5.989112686142770592e+00,-5.989112686142770592e+00,-5.989112686142770592e+00,-5.989112686142770592e+00,-6.017704889209871233e+00,-6.017704889209871233e+00,-6.020102193677678848e+00
6.896500849606950201e-01,6.896500849606950201e-01,-6.090086422392790855e-01,-6.090086422392790855e-01,-5.927232360210531681e+00,-5.927232360210531681e+00,-6.012082838114938710e+00,-6.012082838114938710e+00,-6.020648494973262821e+00,-6.020648494973262821e+00,-6.020648494973262821e+00
-6.018572343445145023e+00,-6.018572343445145023e+00,-6.018572343445145023e+00,-6.018572343445145023e+00,-6.018572343445145023e+00,-6.018572343445145023e+00,-6.018572343445145023e+00,-6.018572343445145023e+00,-6.018572343445145023e+00,-6.018572343445145023e+00,-6.020707785346540497e+00
-4.357106267905938246e+00,-4.357106267905938246e+00,-4.357106267905938246e+00,-4.357106267905938246e+00,-5.979314485096953291e+00,-5.979314485096953291e+00,-6.019652457427357106e+00,-6.019652457427357106e+00,-6.019652457427357106e+00,-6.019652457427357106e+00,-6.019652457427357106e+00
-4.178078580515757423e+00,-4.178078580515757423e+00,-4.178078580515757423e+00,-4.178078580515757423e+00,-5.941645918062762988e+00,-5.962820395735569434e+00,-6.016777188613346539e+00,-6.016777188613346539e+00,-6.016777188613346539e+00,-6.020136124576342951e+00,-6.020136124576342951e+00
-5.130876300160002249e-03,-5.490489975618255691e-01,-5.490489975618255691e-01,-4.604504043394334722e+00,-6.000476380197377502e+00,-6.000476380197377502e+00,-6.015974716659747479e+00,-6.019833016458906449e+00,-6.019833016458906449e+00,-6.019833016458906449e+00,-6.019833016458906449e+00
-8.584698885965418302e-01,-8.584698885965418302e-01,-8.584698885965418302e-01,-2.974828103212499020e+00,-6.017128114623803370e+00,-6.017128114623803370e+00,-6.017128114623803370e+00,-6.019833016458906449e+00,-6.019833016458906449e+00,-6.019833016458906449e+00,-6.019833016458906449e+00
-5.951127007299289673e+00,-5.951127007299289673e+00,-5.951127007299289673e+00,-5.968272186770483323e+00,-5.968272186770483323e+00,-5.968272186770483323e+00,-5.968272186770483323e+00,-6.020290335374742341e+00,-6.020290335374742341e+00,-6.020290335374742341e+00,-6.020290335374742341e+00
-3.532191948956470151e-01,-3.532191948956470151e-01,-5.540648050665321733e+00,-5.540648050665321733e+00,-6.008697668797513103e+00,-6.008697668797513103e+00,-6.008697668797513103e+00,-6.008697668797513103e+00,-6.017704889209871233e+00,-6.017704889209871233e+00,-6.017704889209871233e+00
-1.981206410594625322e-01,-1.981206410594625322e-01,-4.723479569827877533e+00,-6.012633082921792216e+00,-6.012633082921792216e+00,-6.012633082921792216e+00,-6.012633082921792216e+00,-6.019833016458906449e+00,-6.019833016458906449e+00,-6.019833016458906449e+00,-6.019833016458906449e+00
-6.003317047801870032e+00,-6.003317047801870032e+00,-6.003317047801870032e+00,-6.003317047801870032e+00,-6.003317047801870032e+00,-6.014346389499585221e+00,-6.014346389499585221e+00,-6.020025759141665489e+00,-6.020025759141665489e+00,-6.020025759141665489e+00,-6.020025759141665489e+00
-5.113878631282497977e+00,-5.113878631282497977e+00,-5.113878631282497977e+00,-6.020344232646263727e+00,-6.020344232646263727e+00,-6.020344232646263727e+00,-6.020344232646263727e+00,-6.020344232646263727e+00,-6.020344232646263727e+00,-6.020344232646263727e+00,-6.020344232646263727e+00
-2.236593094800120307e-01,-2.236593094800120307e-01,-6.003969471346019660e+00,-6.003969471346019660e+00,-6.003969471346019660e+00,-6.013274205806464323e+00,-6.013274205806464323e+00,-6.020305663254296391e+00,-6.020305663254296391e+00,-6.020305663254296391e+00,-6.020305663254296391e+00
