2.000000000000000000e+01,2.000000000000000000e+01,1.999999999997947597e+01,4.895009439944228546e+00,4.895009439944228546e+00,4.895009439944228546e+00,2.741306699278751147e+00,2.741306699278751147e+00,7.896595663101878548e-01,2.459402762327438929e-01
1.999999999999998579e+01,2.000000000000000000e+01,2.000000000000000000e+01,2.265518039989262267e+00,7.724117229179434663e-01,7.724117229179434663e-01,7.297709235790574844e-01,7.297709235790574844e-01,7.297709235790574844e-01,6.909727476874730767e-01
1.999997310993195754e+01,1.999997310993195754e+01,1.999997310993195754e+01,1.999999994025327510e+01,1.999999994025327510e+01,1.999999994025327510e+01,4.657013119317681138e-01,4.657013119317681138e-01,4.657013119317681138e-01,2.257461354598620518e-01
2.000000000000000000e+01,2.000000000000000000e+01,2.000000000000000000e+01,2.000000000000000000e+01,2.000000000000000000e+01,2.000000000000000000e+01,3.097516511061542577e+00,3.097516511061542577e+00,3.097516511061542577e+00,1.650674068227303337e+00
1.999997802831444815e+01,1.999997802831444815e+01,1.999997802831444815e+01,1.999990093622393061e+01,1.999990093622393061e+01,1.999990093622393061e+01,1.013106991746794305e+00,1.013106991746794305e+00,1.013106991746794305e+00,2.629076134492866479e-01
2.000000000000000000e+01,2.000000000000000000e+01,1.999988295202775035e+01,2.000000000000000000e+01,3.589468170979983164e+00,3.589468170979983164e+00,1.172261314693451739e+00,1.172261314693451739e+00,1.172261314693451739e+00,7.759675606189678776e-01
1.999999997505699767e+01,2.000000000000000000e+01,2.000000000000000000e+01,5.441420227965795275e-01,5.441420227965795275e-01,5.441420227965795275e-01,1.148894849854302097e-01,1.148894849854302097e-01,1.148894849854302097e-01,8.995255817309942559e-02
2.000000000000000000e+01,2.000000000000000000e+01,2.000000000000000000e+01,7.857128659753543687e+00,5.678251281425256813e+00,4.465139155600547305e+00,2.679601161412360266e+00,2.679601161412360266e+00,1.999999972130298076e+01,7.676503774796298307e-01
1.999999999942306772e+01,1.999999999942306772e+01,1.999999999942306772e+01,6.566625180228572667e+00,9.521761969698831152e+00,9.521761969698831152e+00,4.813491737494085321e+00,4.813491737494085321e+00,4.813491737494085321e+00,1.394151021086012188e+00
2.000000000000000000e+01,2.000000000000000000e+01,4.384593391214815838e+00,1.880672329309164503e+00,1.126013533323537041e+00,1.126013533323537041e+00,9.038682041896432651e+00,1.999999999992638777e+01,2.472443562262947037e+00,1.539048400383854265e+00
2.000000000000000000e+01,2.000000000000000000e+01,2.000000000000000000e+01,2.030811011533061594e-01,2.030811011533061594e-01,2.030811011533061594e-01,1.728878743634328918e-01,1.728878743634328918e-01,1.728878743634328918e-01,1.502450097317233335e-01
1.999999999999998579e+01,1.999999999999998579e+01,1.999999999999998579e+01,1.160541193825227024e+00,1.160541193825227024e+00,1.160541193825227024e+00,3.864128929750579138e-03,3.864128929750579138e-03,3.864128929750579138e-03,2.058713211857651215e-01
1.999999999999996092e+01,1.999999960018956457e+01,1.999999960018956457e+01,5.257760986753548006e-03,5.257760986753548006e-03,5.257760986753548006e-03,7.100898449848962179e-02,7.100898449848962179e-02,7.100898449848962179e-02,1.439651448424081603e-01
2.000000000000000000e+01,2.000000000000000000e+01,1.999999999999999289e+01,4.135552483637854770e+00,4.135552483637854770e+00,4.264657551470385499e+00,1.794039098143732192e+00,1.794039098143732192e+00,1.794039098143732192e+00,4.845936805613765275e-01
1.999999999999973710e+01,1.999999999999973710e+01,1.999999999999973710e+01,1.999986228115633935e+01,1.999986228115633935e+01,1.999986228115633935e+01,2.949806384479941812e+00,2.949806384479941812e+00,2.949806384479941812e+00,4.174333614157686445e-01
2.000000000000000000e+01,2.000000000000000000e+01,3.612396854277589942e+00,2.000000000000000000e+01,1.640145496745944120e+00,1.198255522022857678e+00,6.850695183795870058e+00,6.850695183795870058e+00,6.850695183795870058e+00,1.079535530644209818e+00
1.999999999999836575e+01,2.000000000000000000e+01,2.000000000000000000e+01,1.999999999999532818e+01,1.015631164256347141e+00,1.015631164256347141e+00,4.608537521477316545e+00,4.608537521477316545e+00,4.608537521477316545e+00,1.014499564187726133e+00
2.000000000000000000e+01,2.000000000000000000e+01,2.000000000000000000e+01,1.999999982549464761e+01,1.123486834695301972e+01,1.999998359280484905e+01,4.141371679055870558e+00,1.942954008048994874e+00,1.500269517557175636e+00,1.409316293483737104e+00
2.000000000000000000e+01,1.999985752080703705e+01,1.999985752080703705e+01,1.999999843124428622e+01,5.470737600849963300e+00,5.470737600849963300e+00,3.765945518127042480e+00,3.765945518127042480e+00,3.765945518127042480e+00,1.274441450365345174e+00
1.999999841393848854e+01,1.999999841393848854e+01,1.999999841393848854e+01,1.999984436360542617e+01,2.934525314088484826e+00,2.934525314088484826e+00,9.249864586487451801e-01,9.249864586487451801e-01,9.249864586487451801e-01,7.130097951669240874e-01
1.999999999999775824e+01,1.999999999999775824e+01,2.000000000000000000e+01,1.888145717408930668e+00,1.888145717408930668e+00,1.888145717408930668e+00,9.384580164904059441e-01,1.999999999999741718e+01,3.545327329809735972e-01,8.419986026253325484e-01
2.000000000000000000e+01,1.999999725850000942e+01,1.999999725850000942e+01,1.999999235680937204e+01,1.999996781690571268e+01,1.999999999999977973e+01,3.057344265764046387e+00,3.057344265764046387e+00,3.057344265764046387e+00,1.406070244041129014e+00
1.999999999999414868e+01,1.999999999999414868e+01,1.999999999999414868e+01,2.000000000000000000e+01,2.000000000000000000e+01,2.000000000000000000e+01,1.702885647702441441e+00,1.702885647702441441e+00,1.702885647702441441e+00,2.972360536953319587e-01
2.000000000000000000e+01,1.999999999999015188e+01,2.000000000000000000e+01,5.420009271379230276e-01,5.420009271379230276e-01,5.420009271379230276e-01,3.897580330235860813e-01,3.897580330235860813e-01,3.897580330235860813e-01,3.040430315246993587e-01
2.000000000000000000e+01,1.999999999999995026e+01,1.999999999999995026e+01,1.999999999999895550e+01,5.069899631075940327e+00,3.070928369177128303e+00,2.872657261496417203e+00,2.872657261496417203e+00,2.872657261496417203e+00,9.220234928430637300e-01
