3.001033259339689341e-01,3.001033259339689341e-01,3.001033259339689341e-01,2.845773184290001367e-01,2.845773184290001367e-01,2.845773184290001367e-01,1.703907757760279251e+00,1.703907757760279251e+00,1.703907757760279251e+00,4.933429364491447866e-01
6.268684465612361922e-01,6.268684465612361922e-01,6.268684465612361922e-01,2.647157768233115327e+00,2.647157768233115327e+00,2.647157768233115327e+00,5.056170724646004144e-01,5.056170724646004144e-01,5.056170724646004144e-01,1.675363011484379550e-01
2.384462620377817643e+00,2.384462620377817643e+00,2.384462620377817643e+00,2.401753020506042891e+00,2.401753020506042891e+00,2.401753020506042891e+00,2.569770387546628676e+00,2.569770387546628676e+00,2.569770387546628676e+00,3.862898882983985538e-01
1.999998117726926949e+01,1.999998117726926949e+01,1.999999929569881019e+01,1.999998983775938655e+01,1.999998983775938655e+01,1.999998983775938655e+01,1.472188134527825376e+01,1.472188134527825376e+01,1.472188134527825376e+01,2.257953597733093065e-01
2.890501789462947002e-01,2.890501789462947002e-01,2.890501789462947002e-01,6.604722908649083735e+00,3.880490180929146771e+00,3.880490180929146771e+00,2.444108400525785152e-01,2.444108400525785152e-01,2.444108400525785152e-01,1.045049005368100248e-01
4.199002717491040926e+00,4.199002717491040926e+00,3.205424379199131479e+00,4.666006115250477926e+00,4.666006115250477926e+00,4.666006115250477926e+00,9.700097962787184169e-01,9.700097962787184169e-01,9.700097962787184169e-01,3.672805595688405367e-01
2.631997017656613203e-01,2.631997017656613203e-01,2.631997017656613203e-01,5.184136790642827286e+00,4.415354505992032941e+00,4.415354505992032941e+00,3.078829771107122748e-01,3.078829771107122748e-01,3.078829771107122748e-01,1.248908644448105815e-01
3.671110588516692808e-01,3.671110588516692808e-01,3.671110588516692808e-01,6.858638015533439214e-01,6.858638015533439214e-01,6.858638015533439214e-01,1.212671281239627863e+00,1.212671281239627863e+00,1.212671281239627863e+00,1.646309364383323481e-01
6.722328646198626190e-02,6.722328646198626190e-02,6.722328646198626190e-02,2.947832316755991111e-01,2.947832316755991111e-01,2.823335950190930532e-01,8.630703713285502177e-02,8.630703713285502177e-02,8.630703713285502177e-02,1.658499855506584808e+01
2.000000000000000000e+01,2.000000000000000000e+01,4.384593391214815838e+00,1.404927711394714285e+00,1.404927711394714285e+00,1.762906945901240530e+00,9.690921872291449191e-01,9.690921872291449191e-01,4.310320820385523666e-01,2.910267237134193663e-01
2.847565228621582456e+00,2.847565228621582456e+00,3.033942676801204552e+00,4.526016024624946787e+00,4.526016024624946787e+00,4.526016024624946787e+00,1.680430739689943387e+00,1.680430739689943387e+00,1.680430739689943387e+00,1.431089656136972366e-01
1.516611870023272024e+00,1.516611870023272024e+00,1.516611870023272024e+00,2.269113193459793454e+00,2.269113193459793454e+00,2.269113193459793454e+00,8.925924653222246929e-01,8.925924653222246929e-01,8.925924653222246929e-01,4.371158916496989955e-01
1.286900434644802360e-01,1.286900434644802360e-01,1.286900434644802360e-01,1.428001115381497099e+00,1.428001115381497099e+00,1.428001115381497099e+00,1.973274223037011221e-01,1.973274223037011221e-01,1.973274223037011221e-01,1.461368046404155907e-01
2.114176091452756590e-01,2.114176091452756590e-01,2.114176091452756590e-01,2.343116057733881930e-01,2.343116057733881930e-01,2.343116057733881930e-01,2.320356317019778292e-01,2.320356317019778292e-01,2.320356317019778292e-01,1.709111918158896515e+00
1.999999501146159275e+01,1.999999501146159275e+01,1.999999501146159275e+01,1.771535564685177633e+01,1.771535564685177633e+01,1.771535564685177633e+01,1.408652185031922022e+00,1.408652185031922022e+00,1.408652185031922022e+00,8.199909414247066319e-01
5.526125646101894828e-01,5.526125646101894828e-01,5.526125646101894828e-01,1.320024407335924632e+00,1.320024407335924632e+00,1.320024407335924632e+00,2.849387053341818632e-01,2.849387053341818632e-01,2.849387053341818632e-01,1.202062987785508658e-01
1.999999999999836575e+01,6.797357433436481244e+00,1.299887285082185207e+00,7.000821681601899771e-01,7.000821681601899771e-01,7.000821681601899771e-01,2.948384305082505930e-01,2.948384305082505930e-01,2.948384305082505930e-01,4.226334379268745778e-01
1.403460821029067496e-01,1.403460821029067496e-01,1.403460821029067496e-01,1.416559223966964431e-01,1.416559223966964431e-01,1.416559223966964431e-01,4.314580064747053911e-01,4.314580064747053911e-01,4.314580064747053911e-01,9.095775329506666784e-02
3.665971518280791708e-01,3.665971518280791708e-01,3.665971518280791708e-01,4.259467595145838281e-01,4.259467595145838281e-01,4.259467595145838281e-01,1.030653614304167798e+00,1.030653614304167798e+00,1.030653614304167798e+00,1.317182145303744445e+00
5.738039931189833354e+00,5.738039931189833354e+00,5.738039931189833354e+00,1.999999024798159653e+01,3.329111064643013762e+00,3.329111064643013762e+00,9.223004681777757785e-01,9.223004681777757785e-01,9.223004681777757785e-01,5.941598118645141646e-01
2.805114630983642776e-01,2.805114630983642776e-01,2.805114630983642776e-01,1.986110406691165287e-01,1.986110406691165287e-01,1.986110406691165287e-01,6.347120158640363607e-01,6.347120158640363607e-01,6.347120158640363607e-01,9.630318522437633644e-02
3.857146671674424043e-01,3.857146671674424043e-01,3.857146671674424043e-01,2.844037624476680182e-01,2.844037624476680182e-01,2.844037624476680182e-01,1.051782116458522820e+00,1.051782116458522820e+00,1.051782116458522820e+00,2.177917621711586704e-01
1.552394787833758016e+01,1.552394787833758016e+01,1.552394787833758016e+01,1.247293284685077087e-02,1.247293284685077087e-02,1.247293284685077087e-02,9.494836933871332596e-02,9.494836933871332596e-02,9.494836933871332596e-02,1.074448336651185976e+01
6.589721842459878021e-01,6.589721842459878021e-01,6.589721842459878021e-01,1.117040968458841155e+00,1.117040968458841155e+00,1.117040968458841155e+00,9.993954807491692849e-01,9.993954807491692849e-01,9.993954807491692849e-01,5.904638960672068393e-01
3.684492338619761997e-01,3.684492338619761997e-01,3.684492338619761997e-01,2.701733599015187504e-01,2.701733599015187504e-01,2.701733599015187504e-01,1.084444683868130088e+00,1.084444683868130088e+00,1.084444683868130088e+00,1.183124096216852800e-01
