7.174419726273867370e-01,7.174419726273867370e-01,-5.685125685476211110e-01,-6.020187845402632298e+00,-6.020187845402632298e+00,-6.020187845402632298e+00,-6.020644457797811100e+00,-6.020644457797811100e+00,-6.020644457797811100e+00,-6.020644457797811100e+00,-6.020644457797811100e+00
-4.862219651152091870e+00,-5.588718064210005387e+00,-5.925364897805502018e+00,-6.005161542582957424e+00,-6.005161542582957424e+00,-6.005161542582957424e+00,-6.005161542582957424e+00,-6.020718962518426309e+00,-6.020718962518426309e+00,-6.020718962518426309e+00,-6.020721332585316610e+00
-5.788168205408332767e+00,-5.788168205408332767e+00,-6.020717115408055875e+00,-6.020717115408055875e+00,-6.020717115408055875e+00,-6.020717115408055875e+00,-6.020717115408055875e+00,-6.020717115408055875e+00,-6.020717115408055875e+00,-6.020717115408055875e+00,-6.020717115408055875e+00
-6.019116086324770798e+00,-6.019116086324770798e+00,-6.019589782899576136e+00,-6.019589814307360065e+00,-6.020625541363735067e+00,-6.020625541363735067e+00,-6.020625541363735067e+00,-6.020725081443921489e+00,-6.020725081443921489e+00,-6.020725081443921489e+00,-6.020725081443921489e+00
-4.185896794077098804e+00,-4.185896794077098804e+00,-5.980207226110067609e+00,-5.980207226110067609e+00,-6.020736420463083327e+00,-6.020736420463083327e+00,-6.020736420463083327e+00,-6.020736420463083327e+00,-6.020736420463083327e+00,-6.020736420463083327e+00,-6.020736420463083327e+00
-5.911591861105097934e+00,-5.911591861105097934e+00,-6.007596942121832484e+00,-6.018676288990882917e+00,-6.018676288990882917e+00,-6.018676288990882917e+00,-6.018676288990882917e+00,-6.020691625754845511e+00,-6.020699094854950140e+00,-6.020699111100324963e+00,-6.020699111100324963e+00
-4.142628324590888589e+00,-4.142628324590888589e+00,-4.142628324590888589e+00,-4.142628324590888589e+00,-4.910271778824156996e+00,-5.549190814309692854e+00,-5.831756327761036474e+00,-6.020368604552661651e+00,-6.020368604552661651e+00,-6.020368604552661651e+00,-6.020368604552661651e+00
-6.446609377830473386e-01,-6.446609377830473386e-01,-6.446609377830473386e-01,-4.882160801099338698e+00,-6.003636937218008285e+00,-6.020479245317790884e+00,-6.020479248879784251e+00,-6.020635376185690113e+00,-6.020635376185690113e+00,-6.020635376185690113e+00,-6.020635376185690113e+00
-9.637262185527644132e-01,-9.637262185527644132e-01,-9.637262185527644132e-01,-9.637262185527644132e-01,-5.719805660895959321e+00,-5.719805660895959321e+00,-6.012224683305134043e+00,-6.020739184402456701e+00,-6.020739184402456701e+00,-6.020739184402456701e+00,-6.020739184402456701e+00
2.588348884806149774e-01,2.588348884806149774e-01,9.992413804794099408e-02,1.513444819348226146e-02,-5.719805660895959321e+00,-5.719805660895959321e+00,-6.018724846520260741e+00,-6.018724846520260741e+00,-6.020722062249760143e+00,-6.020722062249760143e+00,-6.020722062249760143e+00
-5.822463570483590978e+00,-5.822463570483590978e+00,-6.001908470086108949e+00,-6.019145206770208922e+00,-6.019145206770208922e+00,-6.019145206770208922e+00,-6.019145206770208922e+00,-6.020440924155979978e+00,-6.020440924155979978e+00,-6.020440924155979978e+00,-6.020440924155979978e+00
-5.584385896429573393e+00,-5.809510374984092174e+00,-5.809510374984092174e+00,-6.020557478923094230e+00,-6.020557478923094230e+00,-6.020557478923094230e+00,-6.020557478923094230e+00,-6.020557478923094230e+00,-6.020705996808336735e+00,-6.020705996808336735e+00,-6.020705996808336735e+00
-3.103515725593315899e+00,-5.051079814160956083e+00,-5.682633754969351969e+00,-5.943366338119999703e+00,-6.020269019141363032e+00,-6.020269019141363032e+00,-6.020269019141363032e+00,-6.020541512718534882e+00,-6.020541512718534882e+00,-6.020541586174513071e+00,-6.020655656765837804e+00
6.896500849606950201e-01,6.896500849606950201e-01,-5.968963165015895855e-01,-5.810373976154652453e+00,-5.810373976154652453e+00,-6.019841922769742837e+00,-6.019841922769742837e+00,-6.020477872467262515e+00,-6.020477872467262515e+00,-6.020477872467262515e+00,-6.020477872467262515e+00
-6.018572343445145023e+00,-6.018572343445145023e+00,-6.018572343445145023e+00,-6.018572343445145023e+00,-6.018572343445145023e+00,-6.018572343445145023e+00,-6.018572343445145023e+00,-6.018572343445145023e+00,-6.020739723750875960e+00,-6.020739724224172917e+00,-6.020739724224172917e+00
-4.357106267905938246e+00,-4.357106267905938246e+00,-5.318954661544101903e+00,-5.739395374115776605e+00,-5.739395374115776605e+00,-5.739395374115776605e+00,-6.020050994416105361e+00,-6.020050994416105361e+00,-6.020050994416105361e+00,-6.020072333608916360e+00,-6.020569364825982817e+00
-4.178078580515757423e+00,-5.131010325008179329e+00,-5.709261077373975368e+00,-5.935191308133041410e+00,-6.020338604332856391e+00,-6.020338604332856391e+00,-6.020338604332856391e+00,-6.020674714272490569e+00,-6.020674714272490569e+00,-6.020730486813921978e+00,-6.020730486813921978e+00
-5.130876300160002249e-03,-5.130876300160002249e-03,-5.550678568229103327e+00,-5.550678568229103327e+00,-5.550678568229103327e+00,-5.912541869710542741e+00,-5.991389497331372382e+00,-6.020366253562260184e+00,-6.020366253562260184e+00,-6.020366253562260184e+00,-6.020677370715474375e+00
-8.584698885965418302e-01,-8.584698885965418302e-01,-8.584698885965418302e-01,-4.637969919481509606e+00,-4.637969919481509606e+00,-5.998637450322547693e+00,-6.020269023256775931e+00,-6.020269023256775931e+00,-6.020269023256775931e+00,-6.020269023256775931e+00,-6.020269023256775931e+00
-5.951127007299289673e+00,-5.951127007299289673e+00,-5.951127007299289673e+00,-5.951127007299289673e+00,-5.951127007299289673e+00,-5.951127007299289673e+00,-6.020737202664753873e+00,-6.020737202664753873e+00,-6.020737202664753873e+00,-6.020737202664753873e+00,-6.020737202664753873e+00
-3.532191948956470151e-01,-3.532191948956470151e-01,-4.595358591144594662e+00,-5.988311817823129601e+00,-6.020447078807025676e+00,-6.020447078807025676e+00,-6.020447078807025676e+00,-6.020695758686801291e+00,-6.020695758686801291e+00,-6.020695758686801291e+00,-6.020695758686801291e+00
-1.981206410594625322e-01,-1.981206410594625322e-01,-5.378795469839775301e+00,-5.988311817823129601e+00,-6.020735995092323378e+00,-6.020735995092323378e+00,-6.020735995092323378e+00,-6.020735995092323378e+00,-6.020735995092323378e+00,-6.020735995092323378e+00,-6.020735995092323378e+00
-6.003317047801870032e+00,-6.019728526325176077e+00,-6.019728526325176077e+00,-6.019728526325176077e+00,-6.019728526325176077e+00,-6.019728526325176077e+00,-6.019728526325176077e+00,-6.019728526325176077e+00,-6.019728526325176077e+00,-6.019728526325176077e+00,-6.020734168183096813e+00
-5.113878631282497977e+00,-5.113878631282497977e+00,-5.113878631282497977e+00,-5.113878631282497977e+00,-6.020716083238728977e+00,-6.020716083238728977e+00,-6.020724335518240267e+00,-6.020724335518240267e+00,-6.020724335518240267e+00,-6.020724335518240267e+00,-6.020724335518240267e+00
-2.236593094800120307e-01,-2.236593094800120307e-01,-5.378795469839775301e+00,-5.378795469839775301e+00,-6.016285842209780022e+00,-6.016285842209780022e+00,-6.016288829095076451e+00,-6.020548269499697014e+00,-6.020548269499697014e+00,-6.020548269499697014e+00,-6.020736911027644744e+00
