7.174419726273867370e-01,7.174419726273867370e-01,3.347795934890606118e-01,3.347795934890606118e-01,3.347795934890606118e-01,3.347795934890606118e-01,-1.829608516630792270e+00,-1.829608516630792270e+00,-1.829608516630792270e+00,-5.630861918173895475e+00,-5.630861918173895475e+00
-4.862219651152091870e+00,-4.862219651152091870e+00,-4.862219651152091870e+00,-4.862219651152091870e+00,-4.862219651152091870e+00,-4.862219651152091870e+00,-4.862219651152091870e+00,-4.862219651152091870e+00,-5.630861918173895475e+00,-5.630861918173895475e+00,-5.630861918173895475e+00
-5.788168205408332767e+00,-5.788168205408332767e+00,-5.788168205408332767e+00,-5.788168205408332767e+00,-5.788168205408332767e+00,-5.788168205408332767e+00,-5.788168205408332767e+00,-5.788168205408332767e+00,-5.788168205408332767e+00,-5.788168205408332767e+00,-5.788168205408332767e+00
-6.019116086324770798e+00,-6.019116086324770798e+00,-6.019116086324770798e+00,-6.019116086324770798e+00,-6.019116086324770798e+00,-6.019116086324770798e+00,-6.019116086324770798e+00,-6.019116086324770798e+00,-6.019116086324770798e+00,-6.019116086324770798e+00,-6.019116086324770798e+00
-4.185896794077098804e+00,-4.185896794077098804e+00,-4.185896794077098804e+00,-4.185896794077098804e+00,-4.185896794077098804e+00,-5.630861918173895475e+00,-5.630861918173895475e+00,-5.630861918173895475e+00,-5.630861918173895475e+00,-5.630861918173895475e+00,-5.764555608990610480e+00
-5.911591861105097934e+00,-5.911591861105097934e+00,-5.911591861105097934e+00,-5.911591861105097934e+00,-5.911591861105097934e+00,-5.911591861105097934e+00,-5.911591861105097934e+00,-5.911591861105097934e+00,-5.911591861105097934e+00,-5.911591861105097934e+00,-5.911591861105097934e+00
-4.142628324590888589e+00,-4.142628324590888589e+00,-4.142628324590888589e+00,-5.630861918173895475e+00,-5.630861918173895475e+00,-5.630861918173895475e+00,-5.630861918173895475e+00,-5.630861918173895475e+00,-5.764555608990610480e+00,-5.764555608990610480e+00,-5.764555608990610480e+00
-6.446609377830473386e-01,-6.446609377830473386e-01,-5.630861918173895475e+00,-5.630861918173895475e+00,-5.630861918173895475e+00,-5.630861918173895475e+00,-5.630861918173895475e+00,-5.764555608990610480e+00,-5.764555608990610480e+00,-5.764555608990610480e+00,-5.764555608990610480e+00
-9.637262185527644132e-01,-5.630861918173895475e+00,-5.630861918173895475e+00,-5.630861918173895475e+00,-5.630861918173895475e+00,-5.630861918173895475e+00,-5.764555608990610480e+00,-5.764555608990610480e+00,-5.764555608990610480e+00,-5.764555608990610480e+00,-5.764555608990610480e+00
2.588348884806149774e-01,-2.359455547848310908e-01,-2.928663899693110029e+00,-2.928663899693110029e+00,-5.536491493974924794e+00,-5.764555608990610480e+00,-5.764555608990610480e+00,-5.764555608990610480e+00,-5.764555608990610480e+00,-5.764555608990610480e+00,-5.764555608990610480e+00
-5.822463570483590978e+00,-5.822463570483590978e+00,-5.822463570483590978e+00,-5.822463570483590978e+00,-5.822463570483590978e+00,-5.822463570483590978e+00,-5.822463570483590978e+00,-5.822463570483590978e+00,-5.822463570483590978e+00,-5.822463570483590978e+00,-5.983776042612714896e+00
-5.584385896429573393e+00,-5.584385896429573393e+00,-5.584385896429573393e+00,-5.764555608990610480e+00,-5.764555608990610480e+00,-5.764555608990610480e+00,-5.764555608990610480e+00,-5.764555608990610480e+00,-5.764555608990610480e+00,-5.983776042612714896e+00,-5.983776042612714896e+00
-3.103515725593315899e+00,-5.536491493974924794e+00,-5.764555608990610480e+00,-5.764555608990610480e+00,-5.764555608990610480e+00,-5.764555608990610480e+00,-5.764555608990610480e+00,-5.764555608990610480e+00,-5.983776042612714896e+00,-5.983776042612714896e+00,-5.983776042612714896e+00
6.896500849606950201e-01,-5.764555608990610480e+00,-5.764555608990610480e+00,-5.764555608990610480e+00,-5.764555608990610480e+00,-5.764555608990610480e+00,-5.764555608990610480e+00,-5.983776042612714896e+00,-5.983776042612714896e+00,-5.983776042612714896e+00,-5.983776042612714896e+00
-6.018572343445145023e+00,-6.018572343445145023e+00,-6.018572343445145023e+00,-6.018572343445145023e+00,-6.018572343445145023e+00,-6.018572343445145023e+00,-6.018572343445145023e+00,-6.018572343445145023e+00,-6.018572343445145023e+00,-6.018572343445145023e+00,-6.018572343445145023e+00
-4.357106267905938246e+00,-4.357106267905938246e+00,-4.357106267905938246e+00,-4.357106267905938246e+00,-4.357106267905938246e+00,-5.983776042612714896e+00,-5.983776042612714896e+00,-5.983776042612714896e+00,-5.983776042612714896e+00,-5.983776042612714896e+00,-5.983776042612714896e+00
-4.178078580515757423e+00,-4.178078580515757423e+00,-4.178078580515757423e+00,-4.178078580515757423e+00,-5.983776042612714896e+00,-5.983776042612714896e+00,-5.983776042612714896e+00,-5.983776042612714896e+00,-5.983776042612714896e+00,-5.983776042612714896e+00,-5.983776042612714896e+00
-5.130876300160002249e-03,-5.130876300160002249e-03,-5.130876300160002249e-03,-5.983776042612714896e+00,-5.983776042612714896e+00,-5.983776042612714896e+00,-5.983776042612714896e+00,-5.983776042612714896e+00,-5.983776042612714896e+00,-5.983776042612714896e+00,-5.983776042612714896e+00
-8.584698885965418302e-01,-8.584698885965418302e-01,-5.983776042612714896e+00,-5.983776042612714896e+00,-5.983776042612714896e+00,-5.983776042612714896e+00,-5.983776042612714896e+00,-5.983776042612714896e+00,-5.983776042612714896e+00,-5.983776042612714896e+00,-5.983776042612714896e+00
-5.951127007299289673e+00,-5.983776042612714896e+00,-5.983776042612714896e+00,-5.983776042612714896e+00,-5.983776042612714896e+00,-5.983776042612714896e+00,-5.983776042612714896e+00,-5.983776042612714896e+00,-5.983776042612714896e+00,-5.983776042612714896e+00,-5.983776042612714896e+00
-3.532191948956470151e-01,-3.532191948956470151e-01,-5.457385833270786080e+00,-5.457385833270786080e+00,-5.457385833270786080e+00,-5.457385833270786080e+00,-5.457385833270786080e+00,-5.457385833270786080e+00,-5.457385833270786080e+00,-5.457385833270786080e+00,-5.457385833270786080e+00
-1.981206410594625322e-01,-5.457385833270786080e+00,-5.457385833270786080e+00,-5.457385833270786080e+00,-5.457385833270786080e+00,-5.457385833270786080e+00,-5.457385833270786080e+00,-5.457385833270786080e+00,-5.457385833270786080e+00,-5.457385833270786080e+00,-5.457385833270786080e+00
-6.003317047801870032e+00,-6.003317047801870032e+00,-6.003317047801870032e+00,-6.003317047801870032e+00,-6.003317047801870032e+00,-6.003317047801870032e+00,-6.003317047801870032e+00,-6.003317047801870032e+00,-6.003317047801870032e+00,-6.003317047801870032e+00,-6.003317047801870032e+00
-5.113878631282497977e+00,-5.113878631282497977e+00,-5.113878631282497977e+00,-5.113878631282497977e+00,-5.113878631282497977e+00,-5.113878631282497977e+00,-5.113878631282497977e+00,-5.113878631282497977e+00,-5.113878631282497977e+00,-5.113878631282497977e+00,-5.113878631282497977e+00
-2.236593094800120307e-01,-8.593758084869995706e-01,-8.593758084869995706e-01,-2.246580695194910771e+00,-2.246580695194910771e+00,-2.246580695194910771e+00,-2.246580695194910771e+00,-2.246580695194910771e+00,-2.246580695194910771e+00,-2.246580695194910771e+00,-2.246580695194910771e+00
