7.174419726273867370e-01,6.584840637794467932e-01,2.127445727429695121e-01,1.470504436671001558e-01,-1.309320747880333979e-02,-1.309320747880333979e-02,-9.839751703363891489e-01,-9.839751703363891489e-01,-5.740545619898093754e+00,-5.994935242716485924e+00,-5.994935242716485924e+00
-4.862219651152091870e+00,-4.992221147167871464e+00,-4.992221147167871464e+00,-4.992221147167871464e+00,-5.291082308397006884e+00,-6.004708405363707868e+00,-6.004708405363707868e+00,-6.004708405363707868e+00,-6.004708405363707868e+00,-6.004708405363707868e+00,-6.020707797785658677e+00
-5.788168205408332767e+00,-5.788168205408332767e+00,-5.788168205408332767e+00,-5.810373976154652453e+00,-5.810373976154652453e+00,-5.810373976154652453e+00,-5.932998424478368449e+00,-6.020591488719251316e+00,-6.020591488719251316e+00,-6.020591488719251316e+00,-6.020717157621402471e+00
-6.019116086324770798e+00,-6.019116086324770798e+00,-6.019116086324770798e+00,-6.019116086324770798e+00,-6.019116086324770798e+00,-6.019116086324770798e+00,-6.019116086324770798e+00,-6.019116086324770798e+00,-6.019116086324770798e+00,-6.019116086324770798e+00,-6.019116086324770798e+00
-4.185896794077098804e+00,-4.185896794077098804e+00,-4.185896794077098804e+00,-5.811554725861264536e+00,-5.811554725861264536e+00,-5.811554725861264536e+00,-5.918277984360112320e+00,-5.963234942309497910e+00,-5.963234942309497910e+00,-5.963234942309497910e+00,-6.020494543803128984e+00
-5.911591861105097934e+00,-5.911591861105097934e+00,-5.977862866486431059e+00,-5.977862866486431059e+00,-5.987817606971849393e+00,-5.987817606971849393e+00,-5.987817606971849393e+00,-5.987817606971849393e+00,-5.987817606971849393e+00,-6.020735885523468056e+00,-6.020735885523468056e+00
-4.142628324590888589e+00,-5.857442941659780189e+00,-5.857442941659780189e+00,-5.857442941659780189e+00,-5.857442941659780189e+00,-6.020312514649154068e+00,-6.020312514649154068e+00,-6.020312514649154068e+00,-6.020312514649154068e+00,-6.020312514649154068e+00,-6.020723079953713253e+00
-6.446609377830473386e-01,-6.715709221925807437e-01,-6.715709221925807437e-01,-6.715709221925807437e-01,-7.657218068499073160e-01,-9.352054250804253677e-01,-9.352054250804253677e-01,-9.857967934913215435e-01,-5.969372379674904749e+00,-5.969372379674904749e+00,-5.969372379674904749e+00
-9.637262185527644132e-01,-9.637262185527644132e-01,-9.637262185527644132e-01,-9.637262185527644132e-01,-9.863084070555084848e-01,-9.863084070555084848e-01,-9.863084070555084848e-01,-9.863084070555084848e-01,-9.863084070555084848e-01,-9.863084070555084848e-01,-9.863084070555084848e-01
2.588348884806149774e-01,2.588348884806149774e-01,2.557103259221584213e-01,2.275498729648527396e-01,1.333525019541120515e-01,-1.550410347033591253e-05,-1.550410347033591253e-05,-7.631171740549924642e-02,-1.065655947755474592e-01,-7.389390773972251969e-01,-9.772689762851247686e-01
-5.822463570483590978e+00,-5.859087661521143353e+00,-5.859087661521143353e+00,-5.859087661521143353e+00,-5.859087661521143353e+00,-5.967811466344410398e+00,-5.967811466344410398e+00,-6.020733906955042514e+00,-6.020733906955042514e+00,-6.020733906955042514e+00,-6.020733906955042514e+00
-5.584385896429573393e+00,-5.584385896429573393e+00,-5.584385896429573393e+00,-5.584385896429573393e+00,-5.615610478664120109e+00,-6.018056403119879327e+00,-6.018056403119879327e+00,-6.018056403119879327e+00,-6.018056403119879327e+00,-6.020730840320250188e+00,-6.020730840320250188e+00
-3.103515725593315899e+00,-3.578783532471008222e+00,-3.578783532471008222e+00,-3.578783532471008222e+00,-3.578783532471008222e+00,-5.998247764418912276e+00,-6.019005393751391431e+00,-6.019005393751391431e+00,-6.020655306083143365e+00,-6.020719419640879977e+00,-6.020735879936244928e+00
6.896500849606950201e-01,6.582670652229005714e-01,2.127445727429695121e-01,1.988999453878834422e-01,2.862400919022180782e-05,-5.561619194636381602e-02,-5.650097098151066755e-01,-7.892640505224916003e-01,-9.675046949506912464e-01,-4.504469104412734737e+00,-5.830363187059055541e+00
-6.018572343445145023e+00,-6.018572343445145023e+00,-6.018572343445145023e+00,-6.018572343445145023e+00,-6.018572343445145023e+00,-6.018572343445145023e+00,-6.018572343445145023e+00,-6.018572343445145023e+00,-6.018572343445145023e+00,-6.018572343445145023e+00,-6.018572343445145023e+00
-4.357106267905938246e+00,-4.357106267905938246e+00,-4.371648200055351374e+00,-4.686146201804302969e+00,-4.902323516805086712e+00,-5.785602482587696826e+00,-5.969968230983456081e+00,-5.969968230983456081e+00,-5.969968230983456081e+00,-6.001954551065876053e+00,-6.001954551065876053e+00
-4.178078580515757423e+00,-4.270844973797141897e+00,-4.270844973797141897e+00,-4.637969919481509606e+00,-4.902706416147500690e+00,-5.750366512201743774e+00,-6.003586803566612673e+00,-6.003586803566612673e+00,-6.003586803566612673e+00,-6.003586803566612673e+00,-6.003586803566612673e+00
-5.130876300160002249e-03,-5.130876300160002249e-03,-5.130876300160002249e-03,-5.130876300160002249e-03,-8.304308669218258762e-03,-7.898346291947588860e-02,-1.187463988707066903e-01,-4.927891738878666938e-01,-9.322775720312228565e-01,-9.784060241097780608e-01,-9.784060241097780608e-01
-8.584698885965418302e-01,-8.855790159445189325e-01,-8.855790159445189325e-01,-9.472884104251104720e-01,-9.575008577966056533e-01,-9.575008577966056533e-01,-9.850590480816650008e-01,-9.850590480816650008e-01,-9.850590480816650008e-01,-4.876667689368879621e+00,-5.839042611704258867e+00
-5.951127007299289673e+00,-5.951127007299289673e+00,-5.951127007299289673e+00,-5.951127007299289673e+00,-5.954693153096060954e+00,-6.020577807570650641e+00,-6.020577807570650641e+00,-6.020577807570650641e+00,-6.020577807570650641e+00,-6.020577807570650641e+00,-6.020577807570650641e+00
-3.532191948956470151e-01,-3.532191948956470151e-01,-5.295878297641712917e-01,-5.959404901127587362e-01,-5.959404901127587362e-01,-9.677727848234969343e-01,-9.677727848234969343e-01,-3.905179198887021474e+00,-4.990051728220397997e+00,-6.009484904694044616e+00,-6.009484904694044616e+00
-1.981206410594625322e-01,-2.004634217689688358e-01,-2.004634217689688358e-01,-2.296214756167836435e-01,-2.619206155177317141e-01,-4.882307287113545335e-01,-5.761252424290945751e-01,-5.761252424290945751e-01,-9.836035562541978194e-01,-3.976993587237661831e+00,-5.719248373572667354e+00
-6.003317047801870032e+00,-6.003317047801870032e+00,-6.003317047801870032e+00,-6.003317047801870032e+00,-6.003317047801870032e+00,-6.003317047801870032e+00,-6.003317047801870032e+00,-6.003317047801870032e+00,-6.003317047801870032e+00,-6.020543850453935697e+00,-6.020725741848695911e+00
-5.113878631282497977e+00,-5.204931515217794846e+00,-5.378795469839775301e+00,-5.378795469839775301e+00,-5.906385390190119544e+00,-6.020166540856602744e+00,-6.020166540856602744e+00,-6.020166540856602744e+00,-6.020166540856602744e+00,-6.020166540856602744e+00,-6.020166540856602744e+00
-2.236593094800120307e-01,-2.490144682436828960e-01,-2.490144682436828960e-01,-2.490144682436828960e-01,-2.533525246848414847e-01,-3.753008946326303330e-01,-8.294354334061554423e-01,-8.294354334061554423e-01,-9.232156495963305121e-01,-9.735894479048408101e-01,-5.200982940266539956e+00
