7.174419726273867370e-01,7.174419726273867370e-01,-2.737294806662091129e-01,-6.562103366315390485e-01,-8.925614022802655922e-01,-9.827362813645765804e-01,-5.562114380650485579e+00,-5.977845999930984533e+00,-5.977845999930984533e+00,-5.994743998684710640e+00,-6.020663304772155833e+00
-4.862219651152091870e+00,-4.862219651152091870e+00,-5.664853412403454413e+00,-6.004208575896640809e+00,-6.004208575896640809e+00,-6.004208575896640809e+00,-6.004208575896640809e+00,-6.004208575896640809e+00,-6.004208575896640809e+00,-6.019859564182985068e+00,-6.020593045078597605e+00
-5.788168205408332767e+00,-5.788168205408332767e+00,-5.788168205408332767e+00,-5.898196741242426988e+00,-5.984720682802584513e+00,-6.020611095727402606e+00,-6.020611095727402606e+00,-6.020611095727402606e+00,-6.020611095727402606e+00,-6.020611095727402606e+00,-6.020611095727402606e+00
-6.019116086324770798e+00,-6.019116086324770798e+00,-6.019410538213230133e+00,-6.019410538213230133e+00,-6.019410538213230133e+00,-6.019410538213230133e+00,-6.019410538213230133e+00,-6.019410538213230133e+00,-6.019410538213230133e+00,-6.019410538213230133e+00,-6.019410538213230133e+00
-4.185896794077098804e+00,-4.185896794077098804e+00,-4.185896794077098804e+00,-6.007307969700752537e+00,-6.019596428795434662e+00,-6.019596428795434662e+00,-6.019596428795434662e+00,-6.019596428795434662e+00,-6.019596428795434662e+00,-6.019739182580635450e+00,-6.019739182580635450e+00
-5.911591861105097934e+00,-5.911591861105097934e+00,-6.000198358110600871e+00,-6.000198358110600871e+00,-6.000198358110600871e+00,-6.000198358110600871e+00,-6.000198358110600871e+00,-6.000198358110600871e+00,-6.000198358110600871e+00,-6.020736886368866614e+00,-6.020736886368866614e+00
-4.142628324590888589e+00,-5.055480066181456955e+00,-5.055480066181456955e+00,-6.006033114232683268e+00,-6.019923629918841002e+00,-6.019923629918841002e+00,-6.019923629918841002e+00,-6.019923629918841002e+00,-6.019923629918841002e+00,-6.019923629918841002e+00,-6.020328442448678707e+00
-6.446609377830473386e-01,-6.446609377830473386e-01,-6.446609377830473386e-01,-4.837581532580903065e+00,-4.837581532580903065e+00,-5.321788136286494719e+00,-5.633604348199000356e+00,-5.633604348199000356e+00,-6.020258617114101263e+00,-6.020258617114101263e+00,-6.020736604902547917e+00
-9.637262185527644132e-01,-9.637262185527644132e-01,-9.637262185527644132e-01,-9.637262185527644132e-01,-5.449582279529322726e+00,-5.949178745804258206e+00,-5.949178745804258206e+00,-6.020735590715768915e+00,-6.020735590715768915e+00,-6.020735590715768915e+00,-6.020735590715768915e+00
2.588348884806149774e-01,2.588348884806149774e-01,2.557103259221584213e-01,2.275498729648527396e-01,1.241335965074074205e-01,4.956475497426029303e-02,-1.054993092431612614e-02,-1.054993092431612614e-02,-7.710798112708547869e-01,-9.253695659227656467e-01,-9.863212037505189045e-01
-5.822463570483590978e+00,-5.822463570483590978e+00,-6.005660178801681681e+00,-6.005660178801681681e+00,-6.020680124790396270e+00,-6.020680124790396270e+00,-6.020680124790396270e+00,-6.020680124790396270e+00,-6.020680124790396270e+00,-6.020680124790396270e+00,-6.020680124790396270e+00
-5.584385896429573393e+00,-5.584385896429573393e+00,-5.584385896429573393e+00,-5.955830991735431290e+00,-6.014842390200757727e+00,-6.014945494963130024e+00,-6.014945494963130024e+00,-6.014945494963130024e+00,-6.014945494963130024e+00,-6.014945494963130024e+00,-6.014945494963130024e+00
-3.103515725593315899e+00,-3.103515725593315899e+00,-4.857286211793198305e+00,-5.770239032496504272e+00,-5.770239032496504272e+00,-5.770239032496504272e+00,-6.012550542422159694e+00,-6.012550542422159694e+00,-6.012550542422159694e+00,-6.020451530943433660e+00,-6.020513054391707364e+00
6.896500849606950201e-01,6.896500849606950201e-01,7.206676752964635000e-05,-1.360179798014210240e-01,-1.360179798014210240e-01,-1.865651591592434599e-01,-5.763584277040014747e-01,-9.764389637137030897e-01,-5.186999119230016220e+00,-5.944158236447293575e+00,-5.944158236447293575e+00
-6.018572343445145023e+00,-6.018572343445145023e+00,-6.018572343445145023e+00,-6.018572343445145023e+00,-6.018572343445145023e+00,-6.018572343445145023e+00,-6.018572343445145023e+00,-6.018572343445145023e+00,-6.018572343445145023e+00,-6.018572343445145023e+00,-6.018572343445145023e+00
-4.357106267905938246e+00,-4.357106267905938246e+00,-5.196587096694469388e+00,-5.658041844940875365e+00,-5.903059186059000041e+00,-6.020212777874474064e+00,-6.020212777874474064e+00,-6.020212777874474064e+00,-6.020212777874474064e+00,-6.020212777874474064e+00,-6.020533115940729374e+00
-4.178078580515757423e+00,-4.270844973797141897e+00,-4.325168420339842612e+00,-4.923924003442176733e+00,-5.801239064236923149e+00,-6.008316239152683202e+00,-6.008316239152683202e+00,-6.008316239152683202e+00,-6.008316239152683202e+00,-6.008316239152683202e+00,-6.008316239152683202e+00
-5.130876300160002249e-03,-5.130876300160002249e-03,-2.773901451237094640e-01,-5.645896377543545563e-01,-9.420659582619651529e-01,-1.650360805606836845e+00,-3.955239044194552633e+00,-5.629355864302463708e+00,-5.702907910954299275e+00,-6.020412821339556686e+00,-6.020706870452271708e+00
-8.584698885965418302e-01,-8.584698885965418302e-01,-8.584698885965418302e-01,-3.624424092007289655e+00,-3.624424092007289655e+00,-5.595405044437615771e+00,-5.595405044437615771e+00,-6.001733561025191399e+00,-6.016449061024931488e+00,-6.019128023552497986e+00,-6.019128023552497986e+00
-5.951127007299289673e+00,-5.951127007299289673e+00,-5.951127007299289673e+00,-5.951127007299289673e+00,-5.954691004234105023e+00,-6.020739798324458825e+00,-6.020739798324458825e+00,-6.020739798324458825e+00,-6.020739798324458825e+00,-6.020739798324458825e+00,-6.020739798324458825e+00
-3.532191948956470151e-01,-3.532191948956470151e-01,-3.532191948956470151e-01,-5.904243738689914922e-01,-9.557622140582466841e-01,-3.166382403065836737e+00,-4.716802436270091547e+00,-5.943517759160286573e+00,-5.943517759160286573e+00,-6.020395495175148604e+00,-6.020729581592560109e+00
-1.981206410594625322e-01,-1.981206410594625322e-01,-1.981206410594625322e-01,-2.567319402577582510e-01,-9.014153015186602280e-01,-5.212734056263240490e+00,-5.875115631965283747e+00,-5.875115631965283747e+00,-6.018510876840303503e+00,-6.018510876840303503e+00,-6.020507163737658374e+00
-6.003317047801870032e+00,-6.003317047801870032e+00,-6.003317047801870032e+00,-6.003317047801870032e+00,-6.003317047801870032e+00,-6.003317047801870032e+00,-6.020630739332636594e+00,-6.020630739332636594e+00,-6.020630739332636594e+00,-6.020630739332636594e+00,-6.020630739332636594e+00
-5.113878631282497977e+00,-5.113878631282497977e+00,-5.563329455561074610e+00,-5.801651746988492064e+00,-5.996643025737044219e+00,-5.996643025737044219e+00,-5.996643025737044219e+00,-5.996643025737044219e+00,-5.996643025737044219e+00,-5.996643025737044219e+00,-6.020332721278661481e+00
-2.236593094800120307e-01,-2.236593094800120307e-01,-2.236593094800120307e-01,-3.174243432360634443e-01,-9.146387773418128697e-01,-4.656037782314766282e+00,-5.592872493866872574e+00,-5.852639469050790133e+00,-6.011289769609120093e+00,-6.011289769609120093e+00,-6.020704128845710379e+00
