7.174419726273867370e-01,7.174419726273867370e-01,-5.039814297904969820e-01,-5.039814297904969820e-01,-7.521203611946047918e-01,-9.557586421144432798e-01,-9.846985622140080885e-01,-5.335350975803274665e+00,-5.973375550211115659e+00,-5.973375550211115659e+00,-6.019938066014477229e+00
-4.862219651152091870e+00,-5.539652281976197301e+00,-5.962314507388334128e+00,-5.987516507883611894e+00,-6.020737825056508896e+00,-6.020737825056508896e+00,-6.020737825056508896e+00,-6.020737825056508896e+00,-6.020737825056508896e+00,-6.020737825056508896e+00,-6.020737825056508896e+00
-5.788168205408332767e+00,-5.788168205408332767e+00,-6.015482696445142885e+00,-6.020738749037039206e+00,-6.020738749037039206e+00,-6.020738749037039206e+00,-6.020738749037039206e+00,-6.020738749037039206e+00,-6.020738749037039206e+00,-6.020738749037039206e+00,-6.020738749037039206e+00
-6.019116086324770798e+00,-6.019116086324770798e+00,-6.019116086324770798e+00,-6.019116086324770798e+00,-6.020678711643119740e+00,-6.020678711643119740e+00,-6.020678711643119740e+00,-6.020678711643119740e+00,-6.020678711643119740e+00,-6.020678711643119740e+00,-6.020678711643119740e+00
-4.185896794077098804e+00,-4.185896794077098804e+00,-4.185896794077098804e+00,-6.012245987409885473e+00,-6.012245987409885473e+00,-6.020737423615909911e+00,-6.020737423615909911e+00,-6.020737423615909911e+00,-6.020737423615909911e+00,-6.020737423615909911e+00,-6.020737423615909911e+00
-5.911591861105097934e+00,-5.911591861105097934e+00,-5.911591861105097934e+00,-5.911591861105097934e+00,-6.005262120203167520e+00,-6.018588580292153267e+00,-6.020047917762632927e+00,-6.020563053060669745e+00,-6.020563053060669745e+00,-6.020563053060669745e+00,-6.020563053060669745e+00
-4.142628324590888589e+00,-5.051067315116507750e+00,-5.051067315116507750e+00,-6.012772344451326134e+00,-6.012772344451326134e+00,-6.020707942537034008e+00,-6.020707942537034008e+00,-6.020707942537034008e+00,-6.020707942537034008e+00,-6.020707942537034008e+00,-6.020707942537034008e+00
-6.446609377830473386e-01,-6.446609377830473386e-01,-6.446609377830473386e-01,-6.446609377830473386e-01,-6.446609377830473386e-01,-8.090757167139570605e-01,-5.452260296371873594e+00,-5.997568512429181986e+00,-6.020635238865391869e+00,-6.020635238865391869e+00,-6.020635238865391869e+00
-9.637262185527644132e-01,-9.637262185527644132e-01,-9.637262185527644132e-01,-9.637262185527644132e-01,-9.807830693681822698e-01,-5.226753040070783562e+00,-5.902416325344060688e+00,-6.019382021582074138e+00,-6.020300817994354681e+00,-6.020300817994354681e+00,-6.020466009939585916e+00
2.588348884806149774e-01,1.956596911353606361e-01,1.230508525893070637e-01,7.792145576556835929e-02,7.792145576556835929e-02,1.036146320350516195e-02,-4.596278789460556680e-01,-5.797801551496565287e-01,-7.748431702118308007e-01,-9.760619009896235321e-01,-5.513323977454596125e+00
-5.822463570483590978e+00,-5.822463570483590978e+00,-5.822463570483590978e+00,-5.822463570483590978e+00,-6.011509743493060220e+00,-6.018288582998306602e+00,-6.018288582998306602e+00,-6.018988164794529361e+00,-6.018988164794529361e+00,-6.018988164794529361e+00,-6.019867695345683778e+00
-5.584385896429573393e+00,-5.584385896429573393e+00,-5.751568377356222506e+00,-5.751568377356222506e+00,-6.004255991727767139e+00,-6.018017171754852512e+00,-6.020152441808797938e+00,-6.020700203494081748e+00,-6.020700203494081748e+00,-6.020700203494081748e+00,-6.020700203494081748e+00
-3.103515725593315899e+00,-3.103515725593315899e+00,-4.182203861544896206e+00,-4.829615065500381554e+00,-5.974635322781977287e+00,-5.974635322781977287e+00,-5.974635322781977287e+00,-6.020737973294170153e+00,-6.020737973294170153e+00,-6.020737973294170153e+00,-6.020737973294170153e+00
6.896500849606950201e-01,6.896500849606950201e-01,-2.312682231877549732e-01,-6.480008870718011460e-01,-8.721350825185660849e-01,-9.857281090936590440e-01,-9.857281090936590440e-01,-4.850642357426754536e+00,-5.623304668475831214e+00,-6.016915933625165636e+00,-6.016915933625165636e+00
-6.018572343445145023e+00,-6.018572343445145023e+00,-6.018572343445145023e+00,-6.018572343445145023e+00,-6.018572343445145023e+00,-6.018572343445145023e+00,-6.018572343445145023e+00,-6.020663903868643807e+00,-6.020663903868643807e+00,-6.020663903868643807e+00,-6.020663903868643807e+00
-4.357106267905938246e+00,-4.357106267905938246e+00,-5.265052922236139743e+00,-5.786698588797351661e+00,-6.003372158999138897e+00,-6.019083527532612443e+00,-6.019083527532612443e+00,-6.020265665555839085e+00,-6.020634506911548556e+00,-6.020634506911548556e+00,-6.020634506911548556e+00
-4.178078580515757423e+00,-4.178078580515757423e+00,-4.992507355267326474e+00,-5.545701717962031374e+00,-5.945625596501617594e+00,-6.020533871760206601e+00,-6.020533871760206601e+00,-6.020533871760206601e+00,-6.020533871760206601e+00,-6.020533871760206601e+00,-6.020533871760206601e+00
-5.130876300160002249e-03,-4.215092738107930614e-01,-4.215092738107930614e-01,-4.215092738107930614e-01,-4.215092738107930614e-01,-9.488662600592164820e-01,-4.502098340697100909e+00,-5.557345809766487399e+00,-5.973763012283095364e+00,-6.019409414774190559e+00,-6.019409414774190559e+00
-8.584698885965418302e-01,-8.584698885965418302e-01,-8.584698885965418302e-01,-9.540034314517890079e-01,-2.340436351551805849e+00,-2.340436351551805849e+00,-5.622127789616522264e+00,-6.020066969358193631e+00,-6.020607554450887910e+00,-6.020607554450887910e+00,-6.020607554450887910e+00
-5.951127007299289673e+00,-5.951127007299289673e+00,-5.951127007299289673e+00,-6.009044244057406559e+00,-6.018202617353705541e+00,-6.019321789272834344e+00,-6.019321789272834344e+00,-6.020686735991540139e+00,-6.020686735991540139e+00,-6.020686735991540139e+00,-6.020686735991540139e+00
-3.532191948956470151e-01,-3.532191948956470151e-01,-3.532191948956470151e-01,-4.003098105332668077e-01,-9.338940202202756780e-01,-4.012717280078802240e+00,-5.113597069917879878e+00,-5.888782395225330646e+00,-6.015393605325293436e+00,-6.015393605325293436e+00,-6.019665432114924997e+00
-1.981206410594625322e-01,-1.981206410594625322e-01,-1.981206410594625322e-01,-1.981206410594625322e-01,-8.683555501576344371e-01,-9.836853466058370632e-01,-9.852509413239530778e-01,-5.772744772974181870e+00,-6.017506941754643179e+00,-6.017506941754643179e+00,-6.020680705091603357e+00
-6.003317047801870032e+00,-6.003317047801870032e+00,-6.003317047801870032e+00,-6.003317047801870032e+00,-6.019278922147736743e+00,-6.020720057312831663e+00,-6.020720057312831663e+00,-6.020720057312831663e+00,-6.020720057312831663e+00,-6.020720057312831663e+00,-6.020720057312831663e+00
-5.113878631282497977e+00,-5.113878631282497977e+00,-5.904623597886194730e+00,-5.904623597886194730e+00,-5.904623597886194730e+00,-5.999132806229360071e+00,-6.018941087584487093e+00,-6.020375552215614157e+00,-6.020375552215614157e+00,-6.020375552215614157e+00,-6.020375552215614157e+00
-2.236593094800120307e-01,-2.236593094800120307e-01,-2.236593094800120307e-01,-2.236593094800120307e-01,-8.880978338791982729e-01,-9.842181875053908069e-01,-9.854204745792946030e-01,-5.671087288422974382e+00,-6.013231240211814210e+00,-6.013231240211814210e+00,-6.019902434877066000e+00
