7.174419726273867370e-01,7.174419726273867370e-01,-5.005867620597739265e-01,-5.005867620597739265e-01,-7.496449706684019665e-01,-9.550516586390583873e-01,-9.847163842994981486e-01,-5.303088268361550561e+00,-5.939041180544411880e+00,-6.020642858493000737e+00,-6.020642858493000737e+00
-4.862219651152091870e+00,-5.398353940524744488e+00,-5.765762263816288424e+00,-5.926449316971262427e+00,-5.926449316971262427e+00,-6.011001885078585794e+00,-6.011001885078585794e+00,-6.011001885078585794e+00,-6.020605145943742187e+00,-6.020739871789077213e+00,-6.020739871789077213e+00
-5.788168205408332767e+00,-5.788168205408332767e+00,-5.788168205408332767e+00,-6.016871274544623560e+00,-6.016871274544623560e+00,-6.016871274544623560e+00,-6.016871274544623560e+00,-6.016871274544623560e+00,-6.020726894877084234e+00,-6.020726894877084234e+00,-6.020726894877084234e+00
-6.019116086324770798e+00,-6.019824656747505998e+00,-6.019963312408482814e+00,-6.019993403463500314e+00,-6.019993403463500314e+00,-6.020708695513167896e+00,-6.020708695513167896e+00,-6.020708695513167896e+00,-6.020709803842382968e+00,-6.020709803842382968e+00,-6.020733436094617197e+00
-4.185896794077098804e+00,-4.185896794077098804e+00,-5.378795469839775301e+00,-6.020500308630302833e+00,-6.020500308630302833e+00,-6.020500308630302833e+00,-6.020500308630302833e+00,-6.020500308630302833e+00,-6.020688988684730347e+00,-6.020688988684730347e+00,-6.020688988684730347e+00
-5.911591861105097934e+00,-5.911591861105097934e+00,-5.985879891349637383e+00,-6.009229812068149101e+00,-6.009229812068149101e+00,-6.009229812068149101e+00,-6.009229812068149101e+00,-6.020545696801658409e+00,-6.020703456704027623e+00,-6.020707935791077325e+00,-6.020707935791077325e+00
-4.142628324590888589e+00,-5.329937806846001713e+00,-5.329937806846001713e+00,-6.010989963152771232e+00,-6.010989963152771232e+00,-6.010989963152771232e+00,-6.020497398784820930e+00,-6.020497398784820930e+00,-6.020497398784820930e+00,-6.020497398784820930e+00,-6.020497398784820930e+00
-6.446609377830473386e-01,-6.446609377830473386e-01,-6.446609377830473386e-01,-6.446609377830473386e-01,-8.629514319820030810e-01,-9.455984789799670720e-01,-9.517867568830903346e-01,-4.991816696530936071e+00,-5.828434840116959670e+00,-6.018748985664224449e+00,-6.020012230535361830e+00
-9.637262185527644132e-01,-9.637262185527644132e-01,-9.637262185527644132e-01,-9.637262185527644132e-01,-9.807739562543547063e-01,-5.205080071811681641e+00,-5.881829207685620453e+00,-6.020176527340975525e+00,-6.020368900630218789e+00,-6.020368900630218789e+00,-6.020407191756579124e+00
2.588348884806149774e-01,1.956596911353606361e-01,1.230508525893070637e-01,7.792145576556835929e-02,7.792145576556835929e-02,1.036146320350516195e-02,-4.596278789460556680e-01,-5.797801551496565287e-01,-7.748431702118308007e-01,-9.760619009896235321e-01,-5.456088547218447715e+00
-5.822463570483590978e+00,-5.822463570483590978e+00,-5.960118384098278099e+00,-6.003653998895803312e+00,-6.003653998895803312e+00,-6.003653998895803312e+00,-6.003653998895803312e+00,-6.020730308694266952e+00,-6.020730308694266952e+00,-6.020730308694266952e+00,-6.020730308694266952e+00
-5.584385896429573393e+00,-6.009374672963796904e+00,-6.009374672963796904e+00,-6.009374672963796904e+00,-6.020614915114927967e+00,-6.020614915114927967e+00,-6.020614915114927967e+00,-6.020739786828519513e+00,-6.020739786828519513e+00,-6.020739786828519513e+00,-6.020739786828519513e+00
-3.103515725593315899e+00,-3.103515725593315899e+00,-4.181919719206406150e+00,-4.829110290619119006e+00,-5.988343820632265668e+00,-6.019619158863290131e+00,-6.019619158863290131e+00,-6.020561280451377506e+00,-6.020561280451377506e+00,-6.020561280451377506e+00,-6.020638249315704016e+00
6.896500849606950201e-01,6.896500849606950201e-01,-2.312473815501746022e-01,-6.479896871358947763e-01,-8.721274719319881408e-01,-9.857281614520463364e-01,-9.857281614520463364e-01,-4.844197161093470427e+00,-5.621322415799221872e+00,-6.014835687889760862e+00,-6.020613544518625737e+00
-6.018572343445145023e+00,-6.018572343445145023e+00,-6.018572343445145023e+00,-6.018572343445145023e+00,-6.018572343445145023e+00,-6.018572343445145023e+00,-6.018572343445145023e+00,-6.018572343445145023e+00,-6.018572343445145023e+00,-6.020739611538597380e+00,-6.020739611538597380e+00
-4.357106267905938246e+00,-4.887742448675222562e+00,-5.445770237931107260e+00,-5.733637570811053408e+00,-5.995089553478170075e+00,-5.995089553478170075e+00,-5.995089553478170075e+00,-6.018358904090182371e+00,-6.018358904090182371e+00,-6.020085023332859109e+00,-6.020168530823360342e+00
-4.178078580515757423e+00,-4.817462419818579811e+00,-5.375658401538393250e+00,-5.703539801988042335e+00,-6.020118572050276562e+00,-6.020118572050276562e+00,-6.020118572050276562e+00,-6.020118572050276562e+00,-6.020118572050276562e+00,-6.020705569240100807e+00,-6.020705569240100807e+00
-5.130876300160002249e-03,-4.215092738107930614e-01,-4.215092738107930614e-01,-4.215092738107930614e-01,-4.215092738107930614e-01,-9.488666363303187579e-01,-4.502075488060466313e+00,-5.552221979024200671e+00,-5.972113399201048445e+00,-6.018137233958185561e+00,-6.020606063923989559e+00
-8.584698885965418302e-01,-8.584698885965418302e-01,-8.584698885965418302e-01,-9.540127436291737650e-01,-2.181269274916326939e+00,-4.512608739482879550e+00,-5.897144438463759464e+00,-6.020594393744453932e+00,-6.020594393744453932e+00,-6.020594393744453932e+00,-6.020594393744453932e+00
-5.951127007299289673e+00,-5.951127007299289673e+00,-5.951127007299289673e+00,-6.020575303413160384e+00,-6.020575303413160384e+00,-6.020575303413160384e+00,-6.020575303413160384e+00,-6.020739710229353392e+00,-6.020739710229353392e+00,-6.020739710229353392e+00,-6.020739710229353392e+00
-3.532191948956470151e-01,-3.532191948956470151e-01,-3.532191948956470151e-01,-4.003098105332668077e-01,-9.338940202202756780e-01,-4.003047568151930413e+00,-5.109241629064664281e+00,-5.872195646153183901e+00,-6.011746868463974103e+00,-6.019756480249957242e+00,-6.020724823079568466e+00
-1.981206410594625322e-01,-1.981206410594625322e-01,-1.981206410594625322e-01,-1.981206410594625322e-01,-8.664360129363597451e-01,-9.837701261313335221e-01,-9.852199546250302031e-01,-5.745100253072474850e+00,-6.002228166457187264e+00,-6.020265097353493466e+00,-6.020265097353493466e+00
-6.003317047801870032e+00,-6.020471125144456259e+00,-6.020471125144456259e+00,-6.020471125144456259e+00,-6.020471125144456259e+00,-6.020471125144456259e+00,-6.020471125144456259e+00,-6.020471125144456259e+00,-6.020471125144456259e+00,-6.020471125144456259e+00,-6.020471125144456259e+00
-5.113878631282497977e+00,-5.113878631282497977e+00,-5.917372576090303760e+00,-5.917372576090303760e+00,-6.003688514193967762e+00,-6.003688514193967762e+00,-6.019538817374838757e+00,-6.019538817374838757e+00,-6.020738119112893472e+00,-6.020738119112893472e+00,-6.020738119112893472e+00
-2.236593094800120307e-01,-2.236593094800120307e-01,-2.236593094800120307e-01,-2.236593094800120307e-01,-8.880978338791982729e-01,-9.842181875053908069e-01,-9.854204745792946030e-01,-5.662523189075453267e+00,-5.988649908046775217e+00,-6.020564862896916836e+00,-6.020564862896916836e+00
