7.174350511468553515e-01,6.584771422989154077e-01,2.127376512623224691e-01,-1.056454584785255502e-01,-1.056454584785255502e-01,-1.056454584785255502e-01,-1.172023489759207449e+00,-1.172023489759207449e+00,-8.327845191774915889e+00,-1.192163509310640457e+01
-4.862221981918812830e+00,-4.992223477934592424e+00,-4.992223477934592424e+00,-5.243963892698344509e+00,-6.635436089640727175e+00,-6.635436089640727175e+00,-7.054029131697856059e+00,-7.054029131697856059e+00,-7.054029131697856059e+00,-7.422945948581408437e+00
-5.788170698754165677e+00,-5.788170698754165677e+00,-5.788170698754165677e+00,-5.810376286231027976e+00,-5.810376286231027976e+00,-5.810376286231027976e+00,-7.536453468578478088e+00,-7.536453468578478088e+00,-7.536453468578478088e+00,-1.219792707848908009e+01
-6.019118986586859954e+00,-6.019118986586859954e+00,-6.019118986586859954e+00,-6.019119288682284186e+00,-6.019119288682284186e+00,-6.019119288682284186e+00,-6.180821066652157469e+00,-6.180821066652157469e+00,-6.180821066652157469e+00,-6.384950551028443222e+00
-4.185898556502176682e+00,-4.185898556502176682e+00,-4.185898556502176682e+00,-5.811558059035364820e+00,-5.811558059035364820e+00,-5.811558059035364820e+00,-7.059267458117568061e+00,-7.059267458117568061e+00,-7.059267458117568061e+00,-1.015174352834169014e+01
-5.911594595599426682e+00,-5.911594595599426682e+00,-5.977865600980759808e+00,-5.977865801616501606e+00,-6.107617050491441546e+00,-6.107617050491441546e+00,-6.480942041222673922e+00,-6.480942041222673922e+00,-6.480942041222673922e+00,-6.948948888870659424e+00
-4.142630062972067151e+00,-5.857444680038485174e+00,-5.857444680038485174e+00,-7.246691411260793636e+00,-7.246691411260793636e+00,-7.246691411260793636e+00,-1.058198159801188254e+01,-1.058198159801188254e+01,-1.058198159801188254e+01,-2.189208438653456312e+01
-6.446679162536304020e-01,-6.715779006631638071e-01,-6.715779006631638071e-01,-7.124512079939779863e-01,-8.518407232034344023e-01,-1.104442143230908835e+00,-1.127379559602898373e+00,-1.127379559602898373e+00,-5.969377181990212833e+00,-7.696393871018365473e+00
-9.637269835666628648e-01,-9.637269835666628648e-01,-9.637269835666628648e-01,-9.824367699073310867e-01,-9.935843980471040782e-01,-9.935843980471040782e-01,-9.935578494145432815e-01,-9.935578494145432815e-01,-9.935578494145432815e-01,-1.129245934325935341e+00
2.588345436233482899e-01,2.588345436233482899e-01,2.394763231071793674e-01,1.534571602803345702e-01,-1.172810431684084276e-01,-1.172810431684084276e-01,-6.255449034101717709e-03,-7.631641931877657103e-02,-3.858815893528472207e-01,-1.387673115277246350e+00
-5.822466190726793833e+00,-5.859090281764346209e+00,-5.859090281764346209e+00,-9.762971891531540436e+00,-9.762971891531540436e+00,-9.762971891531540436e+00,-9.889736588763469172e+00,-9.889736588763469172e+00,-9.889736588763469172e+00,-1.481024972646115856e+01
-5.584388376135410503e+00,-5.584388376135410503e+00,-5.584388376135410503e+00,-6.125547737263357106e+00,-6.125547737263357106e+00,-6.125547737263357106e+00,-4.246893849633712392e+01,-4.246893849633712392e+01,-4.246893849633712392e+01,-1.279718416114279833e+01
-3.103517274820674743e+00,-3.578785081702592574e+00,-3.578785081702592574e+00,-2.222834479622485304e+01,-2.222834479622485304e+01,-2.222834479622485304e+01,-2.275002206485239853e+01,-2.275002206485239853e+01,-2.275002206485239853e+01,-1.411359653150553761e+01
6.896453359932483984e-01,6.582623162554539498e-01,2.127398237755229182e-01,-1.713121682802098977e-02,-1.713121682802098977e-02,-1.056990538213870290e-01,-1.100942278371711769e+00,-1.100942278371711769e+00,-1.100942278371711769e+00,-7.276050309726354470e+00
-6.018575031262487940e+00,-6.018575031262487940e+00,-6.018575031262487940e+00,-6.018575277788292155e+00,-6.018575277788292155e+00,-6.018575277788292155e+00,-6.153897513306866962e+00,-6.153897513306866962e+00,-6.153897513306866962e+00,-9.384425484549151264e+00
-4.357109435982354562e+00,-4.357109435982354562e+00,-4.555204527745810417e+00,-4.686149249329257138e+00,-5.671168173075235686e+00,-6.696041627967115772e+00,-5.984364438265697750e+00,-5.984364438265697750e+00,-5.984364438265697750e+00,-6.865058592649210034e+00
-4.178080445052610337e+00,-4.270846838333994810e+00,-4.270846838333994810e+00,-4.637971828716455747e+00,-5.783463794928223045e+00,-5.783463794928223045e+00,-6.045343008327725087e+00,-6.045343008327725087e+00,-6.045343008327725087e+00,-7.440002002601586284e+00
-5.134524519578313219e-03,-5.134524519578313219e-03,-5.134524519578313219e-03,-5.133906387905553745e-03,-2.104977425554358655e-02,-7.898649300718538213e-02,-2.352650727417599508e-01,-8.156036035102848247e-01,-1.327573612330848363e+00,-1.289526408122743995e+00
-8.584758955763968080e-01,-8.855850229243741323e-01,-8.855850229243741323e-01,-9.472932633626398591e-01,-1.035916807154827479e+00,-1.035916807154827479e+00,-1.026795680599909888e+00,-1.026795680599909888e+00,-1.026795680599909888e+00,-5.595044838617512895e+00
-5.951129598282928868e+00,-5.951129598282928868e+00,-5.951129598282928868e+00,-5.951129386282504541e+00,-6.048976751545000141e+00,-6.048976751545000141e+00,-6.905220127637225147e+00,-6.905220127637225147e+00,-6.905220127637225147e+00,-7.711643060430480645e+00
-3.532243542863935937e-01,-3.532243542863935937e-01,-5.295929891548685209e-01,-1.488463870620520435e+00,-1.488463870620520435e+00,-1.488463870620520435e+00,-1.864315925231040172e+00,-3.905182836083547659e+00,-8.410105390399255754e+00,-9.234672619145896988e+00
-1.981278684550909219e-01,-2.006747568056875819e-01,-2.006747568056875819e-01,-2.296272953679942552e-01,-2.619264352872809898e-01,-4.882365484628246044e-01,-1.186467839142178793e+00,-1.186467839142178793e+00,-1.186467839142178793e+00,-4.609855873764284517e+00
-6.003320131760151668e+00,-6.003320131760151668e+00,-6.003320131760151668e+00,-6.003319951801700860e+00,-6.003319951801700860e+00,-6.003319951801700860e+00,-6.430519442866114765e+00,-6.430519442866114765e+00,-6.430519442866114765e+00,-1.069778399980077310e+01
-5.113880820259389282e+00,-5.204933704194686150e+00,-5.378797658816670157e+00,-6.481053408123688797e+00,-6.481053408123688797e+00,-6.481053408123688797e+00,-7.762105491567655058e+00,-7.762105491567655058e+00,-7.762105491567655058e+00,-1.105812839832985262e+01
-2.236661942726674290e-01,-2.490213530373072692e-01,-2.490213530373072692e-01,-2.490200099600148875e-01,-3.065490171754611248e-01,-6.079358851091458682e-01,-1.811562862313119471e+00,-1.811562862313119471e+00,-1.811562862313119471e+00,-2.376904622073272577e+00
