7.174419726273867370e-01,7.174419726273867370e-01,-2.773698226439902936e-01,-6.617073191022363465e-01,-8.944040372797794625e-01,-9.831573155867698866e-01,-5.567925982929025075e+00,-5.972902860541005055e+00,-5.972902860541005055e+00,-5.994743998684710640e+00,-6.008854885665604328e+00
-4.862219651152091870e+00,-4.862219651152091870e+00,-5.672812056369943789e+00,-6.006266956259955769e+00,-6.018946498711972737e+00,-6.018946498711972737e+00,-6.018946498711972737e+00,-6.018946498711972737e+00,-6.018946498711972737e+00,-6.018946498711972737e+00,-6.020469916587667392e+00
-5.788168205408332767e+00,-5.788168205408332767e+00,-5.788168205408332767e+00,-5.902865680120509495e+00,-5.982669614744182240e+00,-6.020242108491197897e+00,-6.020242108491197897e+00,-6.020242108491197897e+00,-6.020242108491197897e+00,-6.020242108491197897e+00,-6.020242108491197897e+00
-6.019116086324770798e+00,-6.019116086324770798e+00,-6.019116086324770798e+00,-6.019116086324770798e+00,-6.019116086324770798e+00,-6.019116086324770798e+00,-6.019116086324770798e+00,-6.019116086324770798e+00,-6.019116086324770798e+00,-6.019116086324770798e+00,-6.020714624408736171e+00
-4.185896794077098804e+00,-4.185896794077098804e+00,-4.185896794077098804e+00,-6.008844336185013013e+00,-6.008844336185013013e+00,-6.008844336185013013e+00,-6.010767970251280623e+00,-6.020003508319676122e+00,-6.020003508319676122e+00,-6.020003508319676122e+00,-6.020665678363125828e+00
-5.911591861105097934e+00,-5.911591861105097934e+00,-5.998023709477250165e+00,-6.020601611250683050e+00,-6.020601611250683050e+00,-6.020601611250683050e+00,-6.020601611250683050e+00,-6.020601611250683050e+00,-6.020601611250683050e+00,-6.020601611250683050e+00,-6.020601611250683050e+00
-4.142628324590888589e+00,-5.054228252963818946e+00,-5.054228252963818946e+00,-6.007949660611393128e+00,-6.018860528725790360e+00,-6.018860528725790360e+00,-6.018860528725790360e+00,-6.018860528725790360e+00,-6.018860528725790360e+00,-6.018860528725790360e+00,-6.020522895235441041e+00
-6.446609377830473386e-01,-6.446609377830473386e-01,-6.446609377830473386e-01,-4.833132768528972889e+00,-4.833132768528972889e+00,-5.311820941294659981e+00,-5.622192694073554264e+00,-5.991308575655712509e+00,-5.991308575655712509e+00,-6.020687706363454517e+00,-6.020687706363454517e+00
-9.637262185527644132e-01,-9.637262185527644132e-01,-9.637262185527644132e-01,-9.637262185527644132e-01,-5.448729610133174361e+00,-5.962399938612002792e+00,-5.962399938612002792e+00,-6.016786165203618530e+00,-6.016786165203618530e+00,-6.016786165203618530e+00,-6.020668783226366116e+00
2.588348884806149774e-01,1.852585103268914457e-01,9.874707450898458083e-02,4.411753328801659019e-02,4.411753328801659019e-02,1.275669506722201287e-02,4.331748503059494083e-03,-4.953752346855087474e+00,-6.020738946515787227e+00,-6.020738946515787227e+00,-6.020738946515787227e+00
-5.822463570483590978e+00,-5.822463570483590978e+00,-6.009527680403712324e+00,-6.009527680403712324e+00,-6.009527680403712324e+00,-6.009527680403712324e+00,-6.009527680403712324e+00,-6.009527680403712324e+00,-6.009527680403712324e+00,-6.020494872835076450e+00,-6.020494872835076450e+00
-5.584385896429573393e+00,-5.584385896429573393e+00,-5.584385896429573393e+00,-5.956554272678901363e+00,-6.013591932761150893e+00,-6.014271689100237239e+00,-6.014271689100237239e+00,-6.014271689100237239e+00,-6.014271689100237239e+00,-6.014271689100237239e+00,-6.020729816716326788e+00
-3.103515725593315899e+00,-3.103515725593315899e+00,-4.820599002648365605e+00,-5.725616904019021014e+00,-5.950896770052357176e+00,-6.015804269443600028e+00,-6.015804269443600028e+00,-6.015804269443600028e+00,-6.015804269443600028e+00,-6.019322003095133766e+00,-6.019322003095133766e+00
6.896500849606950201e-01,6.896500849606950201e-01,1.363910765355405453e-06,-1.344413353643065523e-01,-1.344413353643065523e-01,-1.344413353643065523e-01,-1.344413353643065523e-01,-1.746539644590273110e-01,-3.609777348168656808e-01,-8.566629135210519497e-01,-9.863216663632085046e-01
-6.018572343445145023e+00,-6.018572343445145023e+00,-6.018572343445145023e+00,-6.018572343445145023e+00,-6.018572343445145023e+00,-6.018572343445145023e+00,-6.018572343445145023e+00,-6.018572343445145023e+00,-6.018572343445145023e+00,-6.018572343445145023e+00,-6.020706653602116099e+00
-4.357106267905938246e+00,-4.357106267905938246e+00,-5.101571641126950496e+00,-5.534855588101502022e+00,-6.007263354257038834e+00,-6.007263354257038834e+00,-6.017128055313939683e+00,-6.017128055313939683e+00,-6.017128055313939683e+00,-6.017128055313939683e+00,-6.020708975039626765e+00
-4.178078580515757423e+00,-5.337916352175700929e+00,-5.854654251049351110e+00,-5.961327942705863414e+00,-5.961327942705863414e+00,-5.961327942705863414e+00,-5.961327942705863414e+00,-5.993730160662249951e+00,-5.993730160662249951e+00,-6.020702416063966389e+00,-6.020702416063966389e+00
-5.130876300160002249e-03,-5.130876300160002249e-03,-2.784993853678441322e-01,-5.653780691883617537e-01,-9.426434180291123344e-01,-1.662238115895221968e+00,-3.960716749603413689e+00,-5.631086500807204409e+00,-5.631086500807204409e+00,-6.020262524590287434e+00,-6.020262524590287434e+00
-8.584698885965418302e-01,-8.584698885965418302e-01,-8.584698885965418302e-01,-3.556531314639182817e+00,-3.556531314639182817e+00,-5.559018773952405290e+00,-5.559018773952405290e+00,-6.010885350537134464e+00,-6.010885350537134464e+00,-6.016296588400982692e+00,-6.016296588400982692e+00
-5.951127007299289673e+00,-5.951127007299289673e+00,-5.951127007299289673e+00,-5.951127007299289673e+00,-6.006187594753663817e+00,-6.018227009748056133e+00,-6.018227009748056133e+00,-6.018227009748056133e+00,-6.018227009748056133e+00,-6.018227009748056133e+00,-6.020340353021992108e+00
-3.532191948956470151e-01,-3.532191948956470151e-01,-3.532191948956470151e-01,-5.849435182230218189e-01,-9.550141605686062185e-01,-3.172253461387481988e+00,-4.728091367642824672e+00,-5.924702837398925226e+00,-5.924702837398925226e+00,-5.924702837398925226e+00,-6.011836480091409030e+00
-1.981206410594625322e-01,-1.981206410594625322e-01,-1.981206410594625322e-01,-2.521160606063592158e-01,-9.008889865033854472e-01,-5.283111255850792887e+00,-5.904327754024448538e+00,-6.010276300728466303e+00,-6.010276300728466303e+00,-6.010276300728466303e+00,-6.020571916979925220e+00
-6.003317047801870032e+00,-6.003317047801870032e+00,-6.003317047801870032e+00,-6.003317047801870032e+00,-6.003317047801870032e+00,-6.014794918480562025e+00,-6.014794918480562025e+00,-6.014794918480562025e+00,-6.014794918480562025e+00,-6.014794918480562025e+00,-6.020621516404720097e+00
-5.113878631282497977e+00,-5.113878631282497977e+00,-5.562495225286386180e+00,-5.802226816847668722e+00,-6.012941432006282838e+00,-6.012941432006282838e+00,-6.012941432006282838e+00,-6.012941432006282838e+00,-6.012941432006282838e+00,-6.020589200443855482e+00,-6.020627952638278657e+00
-2.236593094800120307e-01,-2.236593094800120307e-01,-2.236593094800120307e-01,-3.127088889192561894e-01,-9.143262957663655932e-01,-4.691145948487558393e+00,-5.618177241426401736e+00,-5.930541866422836428e+00,-5.951417506724824058e+00,-6.020348379458286381e+00,-6.020348379458286381e+00
