7.174419726273867370e-01,7.174419726273867370e-01,-2.327093180465814037e-01,-6.015744158273474973e+00,-6.015744158273474973e+00,-6.015744158273474973e+00,-6.015744158273474973e+00,-6.020067136129284791e+00,-6.020067136129284791e+00,-6.020067136129284791e+00,-6.020067136129284791e+00
-4.862219651152091870e+00,-4.862219651152091870e+00,-6.014092840878452861e+00,-6.014092840878452861e+00,-6.014092840878452861e+00,-6.014092840878452861e+00,-6.014092840878452861e+00,-6.014092840878452861e+00,-6.020632320247837121e+00,-6.020632320247837121e+00,-6.020632320247837121e+00
-5.788168205408332767e+00,-5.788168205408332767e+00,-5.983466667369233605e+00,-6.020045145886175675e+00,-6.020045145886175675e+00,-6.020045145886175675e+00,-6.020045145886175675e+00,-6.020045145886175675e+00,-6.020045145886175675e+00,-6.020045145886175675e+00,-6.020045145886175675e+00
-6.019116086324770798e+00,-6.019116086324770798e+00,-6.019116086324770798e+00,-6.019116086324770798e+00,-6.019116086324770798e+00,-6.019116086324770798e+00,-6.019116086324770798e+00,-6.019116086324770798e+00,-6.019116086324770798e+00,-6.020697031462178828e+00,-6.020697031462178828e+00
-4.185896794077098804e+00,-4.185896794077098804e+00,-6.020733674103264654e+00,-6.020733674103264654e+00,-6.020733674103264654e+00,-6.020733674103264654e+00,-6.020733674103264654e+00,-6.020733674103264654e+00,-6.020733674103264654e+00,-6.020733674103264654e+00,-6.020733674103264654e+00
-5.911591861105097934e+00,-5.911591861105097934e+00,-5.911591861105097934e+00,-6.009781532534441695e+00,-6.009781532534441695e+00,-6.009781532534441695e+00,-6.009781532534441695e+00,-6.009781532534441695e+00,-6.020722133649011987e+00,-6.020722133649011987e+00,-6.020722133649011987e+00
-4.142628324590888589e+00,-4.142628324590888589e+00,-4.142628324590888589e+00,-4.142628324590888589e+00,-6.016509019725190477e+00,-6.016509019725190477e+00,-6.016509019725190477e+00,-6.016509019725190477e+00,-6.019387633977611785e+00,-6.019387633977611785e+00,-6.019387633977611785e+00
-6.446609377830473386e-01,-6.446609377830473386e-01,-6.446609377830473386e-01,-5.655486798255982883e+00,-5.988052323697266033e+00,-6.012484023821272672e+00,-6.018815336744492761e+00,-6.020174517137282244e+00,-6.020174517137282244e+00,-6.020174517137282244e+00,-6.020174517137282244e+00
-9.637262185527644132e-01,-9.637262185527644132e-01,-9.637262185527644132e-01,-9.637262185527644132e-01,-5.862026883820154133e+00,-5.983848692369033273e+00,-6.020739985739730571e+00,-6.020739985739730571e+00,-6.020739985739730571e+00,-6.020739985739730571e+00,-6.020739985739730571e+00
2.588348884806149774e-01,2.588348884806149774e-01,-5.845699395013586042e+00,-5.977020758792427557e+00,-5.977020758792427557e+00,-6.020715037315353513e+00,-6.020715037315353513e+00,-6.020715037315353513e+00,-6.020715037315353513e+00,-6.020715037315353513e+00,-6.020715037315353513e+00
-5.822463570483590978e+00,-5.822463570483590978e+00,-6.009223861509294551e+00,-6.015383804988995387e+00,-6.015383804988995387e+00,-6.020431233605864740e+00,-6.020431233605864740e+00,-6.020431233605864740e+00,-6.020431233605864740e+00,-6.020431233605864740e+00,-6.020431233605864740e+00
-5.584385896429573393e+00,-5.584385896429573393e+00,-5.584385896429573393e+00,-5.584385896429573393e+00,-5.584385896429573393e+00,-5.584385896429573393e+00,-6.001008625462032064e+00,-6.001008625462032064e+00,-6.018138102369674947e+00,-6.018686440797758941e+00,-6.020732746605523822e+00
-3.103515725593315899e+00,-3.103515725593315899e+00,-5.988900176643238815e+00,-5.988900176643238815e+00,-5.988900176643238815e+00,-5.988900176643238815e+00,-5.988900176643238815e+00,-5.988900176643238815e+00,-6.017734593404880705e+00,-6.017734593404880705e+00,-6.020097803550403803e+00
6.896500849606950201e-01,6.896500849606950201e-01,-4.247167206536242023e-01,-5.781603542223898273e+00,-6.014322150985458748e+00,-6.014322150985458748e+00,-6.014322150985458748e+00,-6.020418339418078801e+00,-6.020418339418078801e+00,-6.020418339418078801e+00,-6.020418339418078801e+00
-6.018572343445145023e+00,-6.018572343445145023e+00,-6.018572343445145023e+00,-6.018572343445145023e+00,-6.018572343445145023e+00,-6.018572343445145023e+00,-6.018572343445145023e+00,-6.018572343445145023e+00,-6.018572343445145023e+00,-6.018572343445145023e+00,-6.020707784778282168e+00
-4.357106267905938246e+00,-4.357106267905938246e+00,-4.357106267905938246e+00,-4.357106267905938246e+00,-5.979314437742312194e+00,-5.979314437742312194e+00,-5.979314437742312194e+00,-6.019833016458906449e+00,-6.019833016458906449e+00,-6.019833016458906449e+00,-6.019833016458906449e+00
-4.178078580515757423e+00,-4.178078580515757423e+00,-4.178078580515757423e+00,-4.178078580515757423e+00,-5.966811305008257627e+00,-5.966811305008257627e+00,-5.966811305008257627e+00,-6.019869103395969034e+00,-6.019869103395969034e+00,-6.019869103395969034e+00,-6.019869103395969034e+00
-5.130876300160002249e-03,-6.220075648949221492e-01,-6.220075648949221492e-01,-6.220075648949221492e-01,-5.683721362706563696e+00,-6.013792273937776933e+00,-6.013792273937776933e+00,-6.013792273937776933e+00,-6.020159752931447450e+00,-6.020159752931447450e+00,-6.020159752931447450e+00
-8.584698885965418302e-01,-8.584698885965418302e-01,-8.584698885965418302e-01,-8.584698885965418302e-01,-5.850192044308160533e+00,-5.922615376725255842e+00,-6.014604991139404611e+00,-6.014604991139404611e+00,-6.014604991139404611e+00,-6.018974939281078740e+00,-6.020402106006772058e+00
-5.951127007299289673e+00,-5.951127007299289673e+00,-6.019757718946718406e+00,-6.019757718946718406e+00,-6.019757718946718406e+00,-6.019757718946718406e+00,-6.019757718946718406e+00,-6.019757718946718406e+00,-6.019757718946718406e+00,-6.019757718946718406e+00,-6.019757718946718406e+00
-3.532191948956470151e-01,-3.532191948956470151e-01,-3.532191948956470151e-01,-4.385117981000452581e+00,-5.988873959605003350e+00,-5.988873959605003350e+00,-5.988873959605003350e+00,-6.016568513673766994e+00,-6.017385534530750313e+00,-6.020730421645187569e+00,-6.020730421645187569e+00
-1.981206410594625322e-01,-1.981206410594625322e-01,-5.958024011012092558e+00,-5.958024011012092558e+00,-5.958024011012092558e+00,-5.958024011012092558e+00,-5.958024011012092558e+00,-6.020498166628739156e+00,-6.020498166628739156e+00,-6.020498166628739156e+00,-6.020498166628739156e+00
-6.003317047801870032e+00,-6.003317047801870032e+00,-6.003317047801870032e+00,-6.003317047801870032e+00,-6.003317047801870032e+00,-6.003317047801870032e+00,-6.015210587621362848e+00,-6.019870342178267997e+00,-6.019870342178267997e+00,-6.019870342178267997e+00,-6.019870342178267997e+00
-5.113878631282497977e+00,-5.113878631282497977e+00,-5.113878631282497977e+00,-5.785948803044862920e+00,-5.785948803044862920e+00,-5.785948803044862920e+00,-5.785948803044862920e+00,-6.020230762001752112e+00,-6.020230762001752112e+00,-6.020230762001752112e+00,-6.020230762001752112e+00
-2.236593094800120307e-01,-2.236593094800120307e-01,-2.236593094800120307e-01,-6.019006099042548463e+00,-6.019006099042548463e+00,-6.019006099042548463e+00,-6.019006099042548463e+00,-6.019006099042548463e+00,-6.019006099042548463e+00,-6.019006099042548463e+00,-6.020607845917643530e+00
