-5.835458086875376260e+00,-5.835458086875376260e+00,-5.835458086875376260e+00,-5.828314624750833950e+00,-5.828314624750833950e+00,-5.828314624750833950e+00,-6.229394836927318657e+00,-6.229394836927318657e+00,-6.229394836927318657e+00,-8.172854985126885907e+00
-5.993475019594020736e+00,-5.993475019594020736e+00,-5.993475019594020736e+00,-6.259198789388420892e+00,-6.259198789388420892e+00,-6.259198789388420892e+00,-7.547284217195727507e+00,-7.547284217195727507e+00,-7.547284217195727507e+00,-1.458583135280629151e+01
-5.980986601149671067e+00,-5.980986601149671067e+00,-5.980986601149671067e+00,-6.040557404091913440e+00,-6.040557404091913440e+00,-6.040557404091913440e+00,-6.207077975524271984e+00,-6.207077975524271984e+00,-6.207077975524271984e+00,-8.827942952864644255e+00
-6.019130801435696121e+00,-6.019130801435696121e+00,-6.019539423890862828e+00,-6.019424870989884546e+00,-6.019424870989884546e+00,-6.019424870989884546e+00,-6.019471438852057155e+00,-6.019471438852057155e+00,-6.019471438852057155e+00,-1.211733475304296093e+01
-5.946684625435278093e+00,-5.946684625435278093e+00,-5.946684625435278093e+00,-6.013653241769084445e+00,-6.068384090911541406e+00,-6.068384090911541406e+00,-1.303784161460902880e+01,-1.303784161460902880e+01,-1.303784161460902880e+01,-1.885249457453829081e+01
-5.979662580039352804e+00,-5.979662580039352804e+00,-6.137160500417477849e+00,-6.023775087924859939e+00,-6.023775087924859939e+00,-6.023775087924859939e+00,-6.647658824656673460e+00,-6.647658824656673460e+00,-6.647658824656673460e+00,-1.054313614626741114e+01
-5.952240399085469313e+00,-5.952240399085469313e+00,-5.952240399085469313e+00,-6.016555681221008811e+00,-6.044224383908474607e+00,-6.044224383908474607e+00,-1.000659102216627971e+01,-1.000659102216627971e+01,-1.000659102216627971e+01,-1.386928476656349929e+01
-5.857588511681914412e+00,-5.857588511681914412e+00,-5.857588511681914412e+00,-6.048076586551117906e+00,-6.048076586551117906e+00,-6.048076586551117906e+00,-6.749567432580695581e+00,-6.749567432580695581e+00,-6.749567432580695581e+00,-1.415660533913207431e+01
-5.798282082501684087e+00,-5.798282082501684087e+00,-5.798282082501684087e+00,-5.789623473689964328e+00,-5.789623473689964328e+00,-1.016929190815489648e+01,-2.002543148643503201e+01,-2.002543148643503201e+01,-2.002543148643503201e+01,-6.020775527273743322e+00
2.588345436233482899e-01,2.588345436233482899e-01,2.394763231071793674e-01,1.220377292082973214e-01,1.220377292082973214e-01,-8.984110831218422577e-02,-1.436896895745629898e-01,-1.436896895745629898e-01,-1.232714759363238155e+00,-1.783073712726364501e+00
-5.981309867131166413e+00,-5.981309867131166413e+00,-6.190798931247242898e+00,-6.020987693965942356e+00,-6.020987693965942356e+00,-6.020987693965942356e+00,-6.468039198659125688e+00,-6.468039198659125688e+00,-6.468039198659125688e+00,-1.487125140938889700e+01
-5.991433944594994010e+00,-5.991433944594994010e+00,-5.991433944594994010e+00,-6.030186715360779104e+00,-6.030186715360779104e+00,-6.030186715360779104e+00,-6.735295751053683055e+00,-6.735295751053683055e+00,-6.735295751053683055e+00,-9.830987824300835953e+00
-5.917754616467439277e+00,-5.917754616467439277e+00,-5.917754616467439277e+00,-7.008981285305012854e+00,-7.008981285305012854e+00,-7.008981285305012854e+00,-1.132890069679574196e+01,-1.132890069679574196e+01,-1.132890069679574196e+01,-1.276698567109799853e+01
-5.823212376893710740e+00,-5.823212376893710740e+00,-5.823212376893710740e+00,-5.752936556857315864e+00,-5.752936556857315864e+00,-5.752936556857315864e+00,-5.614052668224497111e+00,-5.614052668224497111e+00,-5.614052668224497111e+00,-1.270097750531812864e+01
-6.018592127866099872e+00,-6.018592127866099872e+00,-6.018592127866099872e+00,-6.018622164501272742e+00,-6.018622164501272742e+00,-6.018622164501272742e+00,-6.456458623165865163e+00,-6.456458623165865163e+00,-6.456458623165865163e+00,-7.143779172542077838e+00
-5.981491595823581697e+00,-5.981491595823581697e+00,-5.981491595823581697e+00,-6.627363069018591624e+00,-6.627363069018591624e+00,-6.627363069018591624e+00,-1.286219137272467705e+01,-1.286219137272467705e+01,-1.286219137272467705e+01,-1.686843080876483114e+01
-4.178080445052610337e+00,-4.278711980273537385e+00,-4.897141845889731115e+00,-6.110946624941753669e+00,-6.110946624941753669e+00,-6.110946624941753669e+00,-8.901318712170468217e+00,-8.901318712170468217e+00,-8.901318712170468217e+00,-9.597875451488732779e+00
-5.855533316774267583e+00,-5.855533316774267583e+00,-5.855533316774267583e+00,-5.804498169302392263e+00,-5.804498169302392263e+00,-5.804498169302392263e+00,-6.228906981512072782e+00,-6.228906981512072782e+00,-6.228906981512072782e+00,-1.860713267676040772e+01
-5.850338316677436090e+00,-5.850338316677436090e+00,-5.850338316677436090e+00,-5.957818584698786779e+00,-5.957818584698786779e+00,-5.957818584698786779e+00,-6.160316181088418830e+00,-6.160316181088418830e+00,-6.160316181088418830e+00,-6.520960580727339639e+00
-5.982557928083900300e+00,-5.982557928083900300e+00,-5.982557928083900300e+00,-5.951129692610928501e+00,-6.045906611173741396e+00,-6.045906611173741396e+00,-6.954421112214609124e+00,-6.954421112214609124e+00,-6.954421112214609124e+00,-7.871430123562025649e+00
-5.841949586981499465e+00,-5.841949586981499465e+00,-5.841949586981499465e+00,-5.817305172055375451e+00,-5.817305172055375451e+00,-5.817305172055375451e+00,-6.371105762297489150e+00,-6.371105762297489150e+00,-6.371105762297489150e+00,-1.743377815767416550e+01
-5.845361070962175276e+00,-5.845361070962175276e+00,-5.845361070962175276e+00,-5.823423261419566899e+00,-5.823423261419566899e+00,-5.823423261419566899e+00,-7.078894752243681587e+00,-7.078894752243681587e+00,-7.078894752243681587e+00,-1.278114618147064263e+01
-6.004815203731491025e+00,-6.004815203731491025e+00,-6.004815203731491025e+00,-3.096070942565346940e+01,-3.096070942565346940e+01,-3.096070942565346940e+01,-1.988817099332387528e+01,-1.988817099332387528e+01,-1.988817099332387528e+01,-6.021877177285051452e+00
-5.969282068698756660e+00,-5.969282068698756660e+00,-5.969282068698756660e+00,-6.548900581189696979e+00,-6.548900581189696979e+00,-6.548900581189696979e+00,-7.373626928950042014e+00,-7.373626928950042014e+00,-7.373626928950042014e+00,-7.568517355272081026e+00
-5.845266076089684404e+00,-5.845266076089684404e+00,-5.845266076089684404e+00,-5.813769146154424305e+00,-5.813769146154424305e+00,-5.813769146154424305e+00,-6.658386425399754671e+00,-6.658386425399754671e+00,-6.658386425399754671e+00,-1.659257387471345879e+01
