-9.484382629861457303e+00,-9.484382629861457303e+00,-9.484382629861457303e+00,-9.493030643454629214e+00,-9.493030643454629214e+00,-9.493030643454629214e+00,-9.493032184807107754e+00,-9.493032184807107754e+00,-9.622251999826652025e+00,-9.902746875051999353e+00
3.139418086901072380e-01,4.745808883567609326e-02,1.782168743897089014e-02,-6.847477666832145309e-03,-6.847477666832145309e-03,-6.847477666832145309e-03,-1.121523056158981735e-01,-1.121523056158981735e-01,-1.189468450748669781e+01,-1.862709336288104112e+01
7.099047170580523314e-02,7.099047170580523314e-02,7.099047170580523314e-02,7.098912720361491568e-02,3.021107397318460036e-02,-3.023705999155430757e-02,1.724953114422024883e-02,1.724953114422024883e-02,1.724953114422024883e-02,-8.268768151496364016e-02
5.699962620358431931e-01,2.098833773284837778e-01,2.035958724959853194e-01,1.426833044024082009e-01,-3.742568147989944194e+00,-1.448567654977671104e+01,-2.098588265830070654e+01,-2.098588265830070654e+01,-2.098588265830070654e+01,-2.795036610995319393e+01
1.451243723339147862e-01,-4.023911540363536155e+00,-7.974414999806170634e+00,-9.401906557860607805e+00,-9.401906557860607805e+00,-9.401906557860607805e+00,-1.386679167753414532e+01,-1.386679167753414532e+01,-1.386679167753414532e+01,-1.686217390460969057e+01
-9.507666444198813238e+00,-9.507666444198813238e+00,-9.507666444198813238e+00,-9.507665899577448343e+00,-9.507665899577448343e+00,-9.507665899577448343e+00,-9.522780298024709822e+00,-9.522780298024709822e+00,-9.522780298024709822e+00,-9.663395294935501312e+00
2.709840841405901368e-02,2.709840841405901368e-02,3.247147705026400683e-03,-8.644728908227096789e-03,-8.644728908227096789e-03,-8.644728908227096789e-03,-2.248350695932785706e-02,-2.248350695932785706e-02,-1.411006008159949232e+01,-2.305762095357700048e+01
9.039475450175685212e-02,-1.132215786944026359e+00,-5.521747268610262438e+00,-4.335546658504982531e+01,-4.335546658504982531e+01,-4.335546658504982531e+01,-3.657487859401493324e+01,-3.657487859401493324e+01,-3.657487859401493324e+01,-2.957061236637811774e+01
-4.338615997607336183e+00,-4.414298948005816570e+00,-5.375818685472674829e+00,-6.901714724870442019e+00,-6.901714724870442019e+00,-1.322793524085164307e+01,-1.304892702666299797e+01,-1.304892702666299797e+01,-1.304892702666299797e+01,-1.369986283566817420e+01
-6.214432853932676082e+00,-6.214432853932676082e+00,-6.671996267387387824e+00,-7.288185159940982594e+00,-1.113048682796371658e+01,-1.113048682796371658e+01,-1.518609080680671930e+01,-1.518609080680671930e+01,-1.518609080680671930e+01,-1.620715246618918570e+01
1.011494015937449559e-01,1.011494015937449559e-01,-5.521747210297728969e+00,-1.774545975373966300e+01,-1.774545975373966300e+01,-1.774545975373966300e+01,-3.416653382616337353e+01,-3.416653382616337353e+01,-3.416653382616337353e+01,-3.643460935952177238e+01
-4.347128241533735782e+00,-5.219979203227314457e+00,-5.219979203227314457e+00,-5.605768927506193933e+00,-7.136319860909090984e+00,-1.136295480472480257e+01,-1.023462832196860894e+01,-1.023462832196860894e+01,-1.023462832196860894e+01,-1.388617261941115189e+01
-1.035440271745675878e+00,-1.128243059139466542e+00,-5.521746494184329279e+00,-9.334080446300795586e+00,-9.334080446300795586e+00,-9.334080446300795586e+00,-1.607397724556597396e+01,-1.607397724556597396e+01,-1.607397724556597396e+01,-1.561471120544847224e+01
-9.440177330280025814e+00,-9.440177330280025814e+00,-9.440177330280025814e+00,-9.440175493002696427e+00,-1.025636129060361590e+01,-1.025636129060361590e+01,-1.128660036264812305e+01,-1.128660036264812305e+01,-1.128660036264812305e+01,-1.297395210530184428e+01
4.048451913871392582e-01,4.048451913871392582e-01,3.733718494633183616e-01,3.487714814056285806e-01,1.792338096743973097e-01,-6.862353125099451834e-02,1.359915206410891933e-02,1.359915206410891933e-02,1.359915206410891933e-02,-7.356495471792936058e+00
-2.769797387649232112e-01,-2.769797387649232112e-01,-3.239846927223869244e+00,-2.062623315165781435e+01,-2.062623315165781435e+01,-2.062623315165781435e+01,-3.675636607078214979e+01,-3.675636607078214979e+01,-3.675636607078214979e+01,-3.131857814696279974e+01
-6.029488978126617660e+00,-6.221094066196416250e+00,-6.671998161176333930e+00,-7.352003836787639024e+00,-9.732729209774655388e+00,-9.732729209774655388e+00,-1.333285845581141160e+01,-1.333285845581141160e+01,-1.333285845581141160e+01,-1.544982837246871377e+01
4.117782253085515154e-01,4.117782253085515154e-01,-5.521749437105201608e+00,-6.675066530111188001e+00,-1.358239383096897157e+01,-1.358239383096897157e+01,-2.189323158782850953e+01,-2.189323158782850953e+01,-2.189323158782850953e+01,-2.017898281488917434e+01
-9.122402227995493718e+00,-9.122402227995493718e+00,-9.122402227995493718e+00,-9.341829911227669925e+00,-9.640273015607489171e+00,-9.640273015607489171e+00,-9.658900718148601072e+00,-9.658900718148601072e+00,-9.658900718148601072e+00,-1.079263233494542362e+01
2.916392721690326817e-01,2.916392721690326817e-01,-5.521746232514439079e+00,-2.432021576994235801e+01,-2.432021576994235801e+01,-2.432021576994235801e+01,-4.174514428730142868e+01,-4.174514428730142868e+01,-4.174514428730142868e+01,-2.679624890335261966e+01
-9.236693180335100450e+00,-9.236693180335100450e+00,-9.329250816976564664e+00,-9.493033450999071476e+00,-9.493033450999071476e+00,-9.493033450999071476e+00,-9.607840761721291756e+00,-9.607840761721291756e+00,-9.607840761721291756e+00,-1.014403556322231204e+01
-7.874856847019127137e+00,-7.874856847019127137e+00,-8.489776727807559098e+00,-1.117106578971849018e+01,-1.117106578971849018e+01,-1.117106578971849018e+01,-1.223074482153338494e+01,-1.223074482153338494e+01,-1.223074482153338494e+01,-1.610279855309224928e+01
-8.547513427917056816e+00,-8.865057253748199528e+00,-8.865057253748199528e+00,-1.140241702276191660e+01,-1.140241702276191660e+01,-1.140241702276191660e+01,-1.466221349905825377e+01,-1.466221349905825377e+01,-1.466221349905825377e+01,-2.026184545382641033e+01
-5.128497644495152663e+00,-5.128497644495152663e+00,-9.329247169359387470e+00,-9.329248359217382713e+00,-1.320427607288025662e+01,-1.320427607288025662e+01,-2.719785812562396643e+01,-2.719785812562396643e+01,-2.719785812562396643e+01,-1.785428837049140327e+01
-8.277492620589528727e+00,-8.277492620589528727e+00,-8.277492620589528727e+00,-1.131116828753125603e+01,-1.131116828753125603e+01,-1.131116828753125603e+01,-1.434564975678306453e+01,-1.434564975678306453e+01,-1.434564975678306453e+01,-2.108308284158506041e+01
