-9.484377983133207124e+00,-9.484377983133207124e+00,-9.501129414887042657e+00,-9.501129414887042657e+00,-9.501129414887042657e+00,-9.501129414887042657e+00,-9.501129414887042657e+00,-9.501129414887042657e+00,-9.501129414887042657e+00,-9.501129414887042657e+00,-9.501129414887042657e+00
3.139428255724121541e-01,4.745910571798095390e-02,1.782270432127575077e-02,4.677804943398200521e-06,4.677804943398200521e-06,4.677804943398200521e-06,4.677804943398200521e-06,4.677804943398200521e-06,-7.622486510899834755e+00,-7.622486510899834755e+00,-9.276829062395590242e+00
7.099160431937878712e-02,7.099160431937878712e-02,7.099160431937878712e-02,7.099160431937878712e-02,3.021355108907286535e-02,2.534152762551844518e-02,1.725181855008273146e-02,1.725181855008273146e-02,-8.784558539917156850e+00,-8.959366578920443303e+00,-8.959366578920443303e+00
5.699968499068461814e-01,2.098839651994867106e-01,2.046619265999955750e-01,1.426839161025587333e-01,-3.742567536289599150e+00,-4.525762410436747096e+00,-5.850638254981600284e+00,-6.288770403632199191e+00,-9.486259882660768028e+00,-9.486259882660768028e+00,-9.486259882660768028e+00
1.451253356575741282e-01,-4.023910577039877090e+00,-7.974414036482510681e+00,-7.974414036482510681e+00,-8.827995920880425729e+00,-9.350634659537661264e+00,-9.350634659537661264e+00,-9.350634659537661264e+00,-9.508234625501422954e+00,-9.508234625501422954e+00,-9.508234625501422954e+00
-9.507660774447057150e+00,-9.507660774447057150e+00,-9.507660774447057150e+00,-9.507660774447057150e+00,-9.507660774447057150e+00,-9.507660774447057150e+00,-9.507660774447057150e+00,-9.507660774447057150e+00,-9.507660774447057150e+00,-9.507660774447057150e+00,-9.507660774447057150e+00
2.710096980629872476e-02,2.710096980629872476e-02,2.495194230468356089e-02,1.081170489982685723e-04,-1.359390490759778025e+00,-1.359390490759778025e+00,-9.479850600428651575e+00,-9.479850600428651575e+00,-9.479850600428651575e+00,-9.479850600428651575e+00,-9.483317781706208649e+00
9.039676083034597909e-02,-1.132213780615437315e+00,-5.521745262276252397e+00,-7.154852789378356448e+00,-8.164448529794363196e+00,-8.864738995148368161e+00,-9.416722115673813676e+00,-9.416722115673813676e+00,-9.416722115673813676e+00,-9.504402416205028459e+00,-9.504402416205028459e+00
-4.338613974687671515e+00,-4.338613974687671515e+00,-9.173106625343063314e+00,-9.173106625343063314e+00,-9.173106625343063314e+00,-9.173106625343063314e+00,-9.270069576501301256e+00,-9.500133506818466245e+00,-9.500133506818466245e+00,-9.500133506818466245e+00,-9.505523173564363049e+00
-6.214429736204019505e+00,-6.214429736204019505e+00,-9.279643534133196425e+00,-9.506699787874893559e+00,-9.506699787874893559e+00,-9.506699787874893559e+00,-9.506699787874893559e+00,-9.506699787874893559e+00,-9.506699787874893559e+00,-9.506699787874893559e+00,-9.506699787874893559e+00
1.011513496152209868e-01,1.011513496152209868e-01,-5.521745262276252397e+00,-8.071154896487817254e+00,-8.992122728918047869e+00,-9.470105950505626424e+00,-9.470105950505626424e+00,-9.470105950505626424e+00,-9.470105950505626424e+00,-9.470105950505626424e+00,-9.508338443209140678e+00
-4.347125145900043286e+00,-7.698568911194508146e+00,-9.154809296185252521e+00,-9.206925929447558943e+00,-9.508320923872096486e+00,-9.508320923872096486e+00,-9.508320923872096486e+00,-9.508320923872096486e+00,-9.508320923872096486e+00,-9.508350188470755526e+00,-9.508350188470755526e+00
-1.035439039837604991e+00,-1.087012422051014227e+00,-5.521745262276252397e+00,-5.521745262276252397e+00,-6.528809619385164353e+00,-7.234597215079370258e+00,-8.044207936329852870e+00,-9.448984584817505805e+00,-9.448984584817505805e+00,-9.448984584817505805e+00,-9.448984584817505805e+00
-9.440168844732776066e+00,-9.440168844732776066e+00,-9.497675574340831872e+00,-9.497675574340831872e+00,-9.497675574340831872e+00,-9.497675574340831872e+00,-9.497675574340831872e+00,-9.497675574340831872e+00,-9.497675574340831872e+00,-9.507481584106599826e+00,-9.507481584106599826e+00
4.048463589304330812e-01,4.048463589304330812e-01,3.984355724438104485e-01,3.487724795904915132e-01,1.792348078592795879e-01,1.461342109481151841e-01,1.919831085220269351e-02,1.919831085220269351e-02,1.919831085220269351e-02,-5.715175697125781440e+00,-5.715175697125781440e+00
-2.769761307449636334e-01,-2.769761307449636334e-01,-2.769761307449636334e-01,-2.769761307449636334e-01,-9.758865062780295307e-01,-1.853148434172690262e+00,-2.623083846959002763e+00,-7.957565166392649658e+00,-9.440375248385723950e+00,-9.440375248385723950e+00,-9.508341362942747566e+00
-6.029483966614659352e+00,-6.029483966614659352e+00,-8.257193446407399051e+00,-9.403217602466980907e+00,-9.403217602466980907e+00,-9.403217602466980907e+00,-9.453762410080043921e+00,-9.453762410080043921e+00,-9.453762410080043921e+00,-9.453762410080043921e+00,-9.508220282310443139e+00
4.117824001374469356e-01,0.000000000000000000e+00,0.000000000000000000e+00,0.000000000000000000e+00,0.000000000000000000e+00,0.000000000000000000e+00,0.000000000000000000e+00,0.000000000000000000e+00,0.000000000000000000e+00,0.000000000000000000e+00,0.000000000000000000e+00
-9.122395061131509664e+00,-9.122395061131509664e+00,-9.374759880437821380e+00,-9.374759880437821380e+00,-9.502246788409632217e+00,-9.502246788409632217e+00,-9.502246788409632217e+00,-9.502246788409632217e+00,-9.502246788409632217e+00,-9.502246788409632217e+00,-9.508335735183830906e+00
2.916402423994644000e-01,2.916402423994644000e-01,-5.521745262276252397e+00,-8.645110955441872136e+00,-9.309284254626174260e+00,-9.502178971753100001e+00,-9.502178971753100001e+00,-9.502178971753100001e+00,-9.502178971753100001e+00,-9.502178971753100001e+00,-9.502178971753100001e+00
-9.236685463170084986e+00,-9.236685463170084986e+00,-9.431499529665636317e+00,-9.431499529665636317e+00,-9.499984445516378884e+00,-9.499984445516378884e+00,-9.499984445516378884e+00,-9.499984445516378884e+00,-9.499984445516378884e+00,-9.499984445516378884e+00,-9.499984445516378884e+00
-7.874852486610766533e+00,-7.874852486610766533e+00,-9.282888052327052719e+00,-9.285944867240836231e+00,-9.507949911651650154e+00,-9.507949911651650154e+00,-9.507949911651650154e+00,-9.507949911651650154e+00,-9.507949911651650154e+00,-9.507949911651650154e+00,-9.508345804714995353e+00
-8.547509212352498054e+00,-8.547509212352498054e+00,-9.199272873744000378e+00,-9.474048611495168970e+00,-9.474048611495168970e+00,-9.474048611495168970e+00,-9.474048611495168970e+00,-9.474048611495168970e+00,-9.474048611495168970e+00,-9.508255188525780000e+00,-9.508255188525780000e+00
-5.128493574945644617e+00,-5.128493574945644617e+00,-9.500385328656497208e+00,-9.500385328656497208e+00,-9.500385328656497208e+00,-9.500385328656497208e+00,-9.500385328656497208e+00,-9.500385328656497208e+00,-9.500385328656497208e+00,-9.500385328656497208e+00,-9.503745728019620032e+00
-8.277487291688842674e+00,-8.277487291688842674e+00,-9.409227754661520393e+00,-9.409227754661520393e+00,-9.502414384166385730e+00,-9.502414384166385730e+00,-9.502414384166385730e+00,-9.502414384166385730e+00,-9.502414384166385730e+00,-9.502414384166385730e+00,-9.502414384166385730e+00
