-9.484377983133207124e+00,-9.484377983133207124e+00,-9.484377983133207124e+00,-9.484377983133207124e+00,-9.484377983133207124e+00,-9.484377983133207124e+00,-9.484377983133207124e+00,-9.484377983133207124e+00,-9.484377983133207124e+00,-9.484377983133207124e+00,-9.484377983133207124e+00
3.139428255724121541e-01,3.139428255724121541e-01,3.139428255724121541e-01,3.139428255724121541e-01,-4.993759723012949792e+00,-4.993759723012949792e+00,-9.476926152253930979e+00,-9.476926152253930979e+00,-9.476926152253930979e+00,-9.476926152253930979e+00,-9.476926152253930979e+00
7.099160431937878712e-02,7.099160431937878712e-02,-3.540626005152502476e+00,-3.540626005152502476e+00,-3.540626005152502476e+00,-9.433451101519182203e+00,-9.433451101519182203e+00,-9.433451101519182203e+00,-9.502354742765342976e+00,-9.502354742765342976e+00,-9.502354742765342976e+00
5.699968499068461814e-01,5.699968499068461814e-01,5.699968499068461814e-01,5.699968499068461814e-01,5.699968499068461814e-01,-9.317351999192371892e+00,-9.335639272607544115e+00,-9.507429889272792423e+00,-9.507429889272792423e+00,-9.507429889272792423e+00,-9.507429889272792423e+00
1.451253356575741282e-01,1.451253356575741282e-01,-3.540626005152502476e+00,-3.540626005152502476e+00,-3.540626005152502476e+00,-8.740471944728133380e+00,-9.506988135298747977e+00,-9.506988135298747977e+00,-9.506988135298747977e+00,-9.506988135298747977e+00,-9.506988135298747977e+00
-9.507660774447057150e+00,-9.507660774447057150e+00,-9.507660774447057150e+00,-9.507660774447057150e+00,-9.507660774447057150e+00,-9.507660774447057150e+00,-9.507660774447057150e+00,-9.507660774447057150e+00,-9.507660774447057150e+00,-9.507660774447057150e+00,-9.507660774447057150e+00
2.710096980629872476e-02,2.710096980629872476e-02,1.908796062399119309e-02,-9.351625385775111710e+00,-9.351625385775111710e+00,-9.351625385775111710e+00,-9.502667629826010653e+00,-9.502667629826010653e+00,-9.502667629826010653e+00,-9.502667629826010653e+00,-9.502667629826010653e+00
9.039676083034597909e-02,9.039676083034597909e-02,9.039676083034597909e-02,-9.629744592950482129e-01,-9.629744592950482129e-01,-9.629744592950482129e-01,-9.355386887371672344e+00,-9.355386887371672344e+00,-9.355386887371672344e+00,-9.355386887371672344e+00,-9.355386887371672344e+00
-4.338613974687671515e+00,-4.338613974687671515e+00,-4.338613974687671515e+00,-4.338613974687671515e+00,-4.338613974687671515e+00,-9.480827186353062430e+00,-9.480827186353062430e+00,-9.480827186353062430e+00,-9.480827186353062430e+00,-9.480827186353062430e+00,-9.480827186353062430e+00
-6.214429736204019505e+00,-6.214429736204019505e+00,-6.214429736204019505e+00,-6.214429736204019505e+00,-6.214429736204019505e+00,-6.214429736204019505e+00,-9.390817464379352941e+00,-9.390817464379352941e+00,-9.390817464379352941e+00,-9.390817464379352941e+00,-9.390817464379352941e+00
1.011513496152209868e-01,-1.359390490759778025e+00,-1.359390490759778025e+00,-1.359390490759778025e+00,-1.359390490759778025e+00,-8.772198409929963248e+00,-8.772198409929963248e+00,-8.772198409929963248e+00,-9.458426311252363661e+00,-9.487673123699533306e+00,-9.487673123699533306e+00
-4.347125145900043286e+00,-4.347125145900043286e+00,-4.347125145900043286e+00,-7.335397049889396115e+00,-9.492219251572910466e+00,-9.492219251572910466e+00,-9.492219251572910466e+00,-9.492219251572910466e+00,-9.492219251572910466e+00,-9.492219251572910466e+00,-9.492219251572910466e+00
-1.035439039837604991e+00,-1.035439039837604991e+00,-1.035439039837604991e+00,-5.494054860334070867e+00,-5.494054860334070867e+00,-9.366639911549217601e+00,-9.366639911549217601e+00,-9.366639911549217601e+00,-9.366639911549217601e+00,-9.366639911549217601e+00,-9.366639911549217601e+00
-9.440168844732776066e+00,-9.440168844732776066e+00,-9.440168844732776066e+00,-9.440168844732776066e+00,-9.459545914591544147e+00,-9.459545914591544147e+00,-9.507907049791089804e+00,-9.507907049791089804e+00,-9.507907049791089804e+00,-9.507907049791089804e+00,-9.507907049791089804e+00
4.048463589304330812e-01,4.048463589304330812e-01,1.908796062399119309e-02,-4.823457811452748878e+00,-4.823457811452748878e+00,-9.457867748092365190e+00,-9.457867748092365190e+00,-9.457867748092365190e+00,-9.457867748092365190e+00,-9.457867748092365190e+00,-9.457867748092365190e+00
-2.769761307449636334e-01,-2.769761307449636334e-01,-2.769761307449636334e-01,-2.769761307449636334e-01,-8.575037284468766785e+00,-8.575037284468766785e+00,-9.508348176998318024e+00,-9.508348176998318024e+00,-9.508348176998318024e+00,-9.508348176998318024e+00,-9.508348176998318024e+00
-6.029483966614659352e+00,-6.029483966614659352e+00,-6.029483966614659352e+00,-9.344587474398512228e+00,-9.344587474398512228e+00,-9.344587474398512228e+00,-9.467258474077915764e+00,-9.467258474077915764e+00,-9.498375514399510777e+00,-9.498375514399510777e+00,-9.498375514399510777e+00
4.117824001374469356e-01,3.218530959171025385e-01,3.218530959171025385e-01,3.218530959171025385e-01,-9.497366274361723981e+00,-9.497366274361723981e+00,-9.497366274361723981e+00,-9.504419649229017608e+00,-9.504419649229017608e+00,-9.504419649229017608e+00,-9.504419649229017608e+00
-9.122395061131509664e+00,-9.122395061131509664e+00,-9.122395061131509664e+00,-9.485724927236686810e+00,-9.485724927236686810e+00,-9.485724927236686810e+00,-9.485724927236686810e+00,-9.485724927236686810e+00,-9.485724927236686810e+00,-9.485724927236686810e+00,-9.485724927236686810e+00
2.916402423994644000e-01,2.916402423994644000e-01,-6.509555694757777289e+00,-8.901619920939335628e+00,-9.483324237011760971e+00,-9.483324237011760971e+00,-9.483324237011760971e+00,-9.483324237011760971e+00,-9.483324237011760971e+00,-9.483324237011760971e+00,-9.483324237011760971e+00
-9.236685463170084986e+00,-9.236685463170084986e+00,-9.348827675965569739e+00,-9.348827675965569739e+00,-9.348827675965569739e+00,-9.348827675965569739e+00,-9.499242764238562842e+00,-9.499242764238562842e+00,-9.499242764238562842e+00,-9.499242764238562842e+00,-9.499242764238562842e+00
-7.874852486610766533e+00,-7.874852486610766533e+00,-9.189519183641682076e+00,-9.189519183641682076e+00,-9.189519183641682076e+00,-9.189519183641682076e+00,-9.506349612493872669e+00,-9.506349612493872669e+00,-9.506349612493872669e+00,-9.506349612493872669e+00,-9.506349612493872669e+00
-8.547509212352498054e+00,-8.547509212352498054e+00,-9.498121793721892914e+00,-9.498121793721892914e+00,-9.498121793721892914e+00,-9.498121793721892914e+00,-9.498121793721892914e+00,-9.498121793721892914e+00,-9.498121793721892914e+00,-9.498121793721892914e+00,-9.498121793721892914e+00
-5.128493574945644617e+00,-5.128493574945644617e+00,-9.100588353209857928e+00,-9.497943315199341541e+00,-9.497943315199341541e+00,-9.497943315199341541e+00,-9.497943315199341541e+00,-9.497943315199341541e+00,-9.507920328769033702e+00,-9.507920328769033702e+00,-9.507920328769033702e+00
-8.277487291688842674e+00,-8.277487291688842674e+00,-9.474993483120966786e+00,-9.474993483120966786e+00,-9.474993483120966786e+00,-9.474993483120966786e+00,-9.474993483120966786e+00,-9.492842706859082824e+00,-9.507526219979018478e+00,-9.507526219979018478e+00,-9.507526219979018478e+00
