-9.484377983133207124e+00,-9.484377983133207124e+00,-9.501129414887042657e+00,-9.501129414887042657e+00,-9.501129414887042657e+00,-9.501129414887042657e+00,-9.501129414887042657e+00,-9.501129414887042657e+00,-9.501129414887042657e+00,-9.508347179901736723e+00,-9.508347179901736723e+00
3.139428255724121541e-01,4.745910571798095390e-02,1.782270432127575077e-02,1.782270432127575077e-02,-3.742567536289599150e+00,-5.505693845955851984e+00,-6.799728374131317921e+00,-9.425019123164856794e+00,-9.425019123164856794e+00,-9.425019123164856794e+00,-9.506523410836535959e+00
7.099160431937878712e-02,7.099160431937878712e-02,7.099160431937878712e-02,7.099160431937878712e-02,3.021355108907286535e-02,2.548352638550976934e-02,1.641895824494010725e-02,1.641895824494010725e-02,-8.786076157000422882e+00,-8.958969693389526867e+00,-9.480185606709842006e+00
5.699968499068461814e-01,2.098839651994867106e-01,2.046368833176973046e-01,1.426839161025587333e-01,-3.742567536289599150e+00,-4.525762410436747096e+00,-5.840494410989197860e+00,-9.145467436222432411e+00,-9.145467436222432411e+00,-9.330289786408110686e+00,-9.504877318165902977e+00
1.451253356575741282e-01,-4.023910577039877090e+00,-4.023910577039877090e+00,-9.244087646976197448e+00,-9.508276623443979503e+00,-9.508276623443979503e+00,-9.508276623443979503e+00,-9.508276623443979503e+00,-9.508285556128598159e+00,-9.508285556128598159e+00,-9.508285556128598159e+00
-9.507660774447057150e+00,-9.507660774447057150e+00,-9.507660774447057150e+00,-9.507660774447057150e+00,-9.507660774447057150e+00,-9.507660774447057150e+00,-9.507660774447057150e+00,-9.507660774447057150e+00,-9.507660774447057150e+00,-9.507660774447057150e+00,-9.507893328123376619e+00
2.710096980629872476e-02,2.710096980629872476e-02,2.495194230468356089e-02,1.081159262825703848e-04,-1.359390490759778025e+00,-1.359390490759778025e+00,-9.479849591797144370e+00,-9.479849591797144370e+00,-9.479849591797144370e+00,-9.479849591797144370e+00,-9.508018054638785799e+00
9.039676083034597909e-02,-1.132213780615437315e+00,-5.521745262276252397e+00,-7.154149381654347550e+00,-8.163849658577401414e+00,-8.864300761651101368e+00,-9.416521078573373060e+00,-9.508011095588454253e+00,-9.508011095588454253e+00,-9.508011095588454253e+00,-9.508011095588454253e+00
-4.338613974687671515e+00,-4.338613974687671515e+00,-9.173106625343063314e+00,-9.173106625343063314e+00,-9.173106625343063314e+00,-9.173106625343063314e+00,-9.270069576501301256e+00,-9.505075244377506394e+00,-9.508089342193439819e+00,-9.508089342193439819e+00,-9.508089342193439819e+00
-6.214429736204019505e+00,-6.214429736204019505e+00,-9.279643534133196425e+00,-9.506699787874893559e+00,-9.506699787874893559e+00,-9.506699787874893559e+00,-9.506699787874893559e+00,-9.506699787874893559e+00,-9.507822121771173585e+00,-9.507822121771173585e+00,-9.507822121771173585e+00
1.011513496152209868e-01,1.011513496152209868e-01,-5.521745262276252397e+00,-8.070738438704065487e+00,-8.991846083800453471e+00,-9.470022064517820581e+00,-9.472543904572308548e+00,-9.507666153898465922e+00,-9.507666153898465922e+00,-9.508233713963242906e+00,-9.508233713963242906e+00
-4.347125145900043286e+00,-7.698568911194508146e+00,-9.154809296185252521e+00,-9.206925929447558943e+00,-9.508320923872096486e+00,-9.508320923872096486e+00,-9.508320923872096486e+00,-9.508334707884579018e+00,-9.508334707884579018e+00,-9.508334707884579018e+00,-9.508334707884579018e+00
-1.035439039837604991e+00,-1.087012422051014227e+00,-5.521745262276252397e+00,-5.521745262276252397e+00,-6.528828679797133994e+00,-7.234599868825569047e+00,-8.044225252260879699e+00,-9.497890376693158387e+00,-9.497890376693158387e+00,-9.497890376693158387e+00,-9.506228003630067036e+00
-9.440168844732776066e+00,-9.440168844732776066e+00,-9.497675574340831872e+00,-9.503277268933562283e+00,-9.503277268933562283e+00,-9.503277268933562283e+00,-9.503277268933562283e+00,-9.503277268933562283e+00,-9.503277268933562283e+00,-9.508287833126004784e+00,-9.508287833126004784e+00
4.048463589304330812e-01,4.048463589304330812e-01,3.984355724438104485e-01,3.487725198061862875e-01,1.792348078592795879e-01,1.461357301102492734e-01,1.919617733761991296e-02,1.919617733761991296e-02,1.919617733761991296e-02,-5.715175697125781440e+00,-5.715175697125781440e+00
-2.769761307449636334e-01,-2.769761307449636334e-01,-2.769761307449636334e-01,-2.769761307449636334e-01,-9.758865062780295307e-01,-1.853148434172690262e+00,-2.623083846959002763e+00,-7.957565166392649658e+00,-9.440375248385723950e+00,-9.506733532983650647e+00,-9.506733532983650647e+00
-6.029483966614659352e+00,-6.029483966614659352e+00,-8.257193446407399051e+00,-9.403217602466980907e+00,-9.488211392564336322e+00,-9.488211392564336322e+00,-9.488957216437000852e+00,-9.505221413428319721e+00,-9.505221413428319721e+00,-9.508081862735375367e+00,-9.508081862735375367e+00
4.117824001374469356e-01,0.000000000000000000e+00,0.000000000000000000e+00,0.000000000000000000e+00,0.000000000000000000e+00,0.000000000000000000e+00,0.000000000000000000e+00,0.000000000000000000e+00,0.000000000000000000e+00,0.000000000000000000e+00,0.000000000000000000e+00
-9.122395061131509664e+00,-9.122395061131509664e+00,-9.374759880437821380e+00,-9.374759880437821380e+00,-9.502246788409632217e+00,-9.502246788409632217e+00,-9.508343866079457030e+00,-9.508343866079457030e+00,-9.508343866079457030e+00,-9.508343866079457030e+00,-9.508343866079457030e+00
2.916402423994644000e-01,2.916402423994644000e-01,-5.521745262276252397e+00,-8.645313848711619897e+00,-9.309395886160814371e+00,-9.503896516273298900e+00,-9.503896516273298900e+00,-9.503896516273298900e+00,-9.503896516273298900e+00,-9.508230898887930493e+00,-9.508256198361765499e+00
-9.236685463170084986e+00,-9.236685463170084986e+00,-9.431499529665636317e+00,-9.431499529665636317e+00,-9.499984445516378884e+00,-9.507746763170306536e+00,-9.507746763170306536e+00,-9.507746763170306536e+00,-9.507746763170306536e+00,-9.507746763170306536e+00,-9.508173543973146735e+00
-7.874852486610766533e+00,-7.874852486610766533e+00,-9.282888052327052719e+00,-9.285944867240836231e+00,-9.507949911651650154e+00,-9.507949911651650154e+00,-9.507949911651650154e+00,-9.508348417682146447e+00,-9.508348417682146447e+00,-9.508348417682146447e+00,-9.508348417682146447e+00
-8.547509212352498054e+00,-8.547509212352498054e+00,-9.199272873744000378e+00,-9.474048611495168970e+00,-9.505702193311623915e+00,-9.505702193311623915e+00,-9.505702193311623915e+00,-9.505702193311623915e+00,-9.505702193311623915e+00,-9.508103509907567030e+00,-9.508103509907567030e+00
-5.128493574945644617e+00,-5.128493574945644617e+00,-9.500385328656497208e+00,-9.503475038331295366e+00,-9.503475038331295366e+00,-9.503475038331295366e+00,-9.503475038331295366e+00,-9.503475038331295366e+00,-9.503475038331295366e+00,-9.503475038331295366e+00,-9.508109556158027331e+00
-8.277487291688842674e+00,-8.277487291688842674e+00,-9.409227754661520393e+00,-9.409227754661520393e+00,-9.502414387596195056e+00,-9.502414387596195056e+00,-9.502414387596195056e+00,-9.502414387596195056e+00,-9.508243170910573028e+00,-9.508243170910573028e+00,-9.508304489336017795e+00
