-9.487439686850986931e+00,-9.487439686850986931e+00,-9.505074274278662472e+00,-9.502234147553261678e+00,-9.502234147553261678e+00,-9.502234147553261678e+00,-9.744572220105158777e+00,-9.744572220105158777e+00,-9.744572220105158777e+00,-1.427719216178552841e+01
3.139418086901072380e-01,4.745808883567609326e-02,1.782168743897089014e-02,-6.847477666832145309e-03,-6.847477666832145309e-03,-6.847477666832145309e-03,-1.121523056158981735e-01,-1.121523056158981735e-01,-9.733155662881944892e+00,-9.904659343764745216e+00
7.099047170580523314e-02,7.099047170580523314e-02,7.099047170580523314e-02,7.098912720361491568e-02,3.021107397318460036e-02,-3.023705999155430757e-02,-8.821594004363621622e+00,-8.821594004363621622e+00,-8.821594004363621622e+00,-1.073862049030149990e+01
5.699962620358431931e-01,2.098833773284837778e-01,2.035958724959853194e-01,1.426833044024082009e-01,-3.742568147989944194e+00,-9.545519265824584210e+00,-1.143616141359946070e+01,-1.143616141359946070e+01,-1.143616141359946070e+01,-2.067157663059665751e+01
1.451243723339147862e-01,-4.023911540363536155e+00,-7.974414999806170634e+00,-9.184035771542879090e+00,-9.184035771542879090e+00,-1.034108959903587888e+01,-1.426593918967572883e+01,-1.426593918967572883e+01,-1.426593918967572883e+01,-1.514358437380338707e+01
-9.507663810138856419e+00,-9.507663810138856419e+00,-9.507663810138856419e+00,-9.507668085781640244e+00,-9.507668085781640244e+00,-9.507668085781640244e+00,-9.522036864959247282e+00,-9.522036864959247282e+00,-9.522036864959247282e+00,-9.654757449776623091e+00
2.709840841405901368e-02,2.709840841405901368e-02,3.247147705026400683e-03,-8.922928193234792360e+00,-8.922928193234792360e+00,-8.922928193234792360e+00,-9.556902551563240422e+00,-9.556902551563240422e+00,-9.556902551563240422e+00,-1.119972183408948574e+01
9.039475450175685212e-02,-1.132215786944026359e+00,-9.436210970445246815e+00,-9.572532823623850717e+00,-9.572532823623850717e+00,-9.572532823623850717e+00,-1.603670399008064962e+01,-1.603670399008064962e+01,-1.603670399008064962e+01,-1.798349235833831727e+01
-9.300321813098872070e+00,-9.300321813098872070e+00,-9.300321813098872070e+00,-9.173111040594479348e+00,-9.173111040594479348e+00,-9.173111040594479348e+00,-1.045134411936348151e+01,-1.045134411936348151e+01,-1.045134411936348151e+01,-1.554785967764022203e+01
-9.334039724887468026e+00,-9.334039724887468026e+00,-9.334039724887468026e+00,-9.506723887021344410e+00,-9.506723887021344410e+00,-9.506723887021344410e+00,-9.739803469843790751e+00,-9.739803469843790751e+00,-9.739803469843790751e+00,-1.134183830221895306e+01
1.011494015937449559e-01,1.011494015937449559e-01,-9.398043621097606604e+00,-9.647822959936496190e+00,-9.647822959936496190e+00,-9.647822959936496190e+00,-2.433393165784382006e+01,-2.433393165784382006e+01,-2.433393165784382006e+01,-3.161349793525856100e+01
-9.404961206840106058e+00,-9.404961206840106058e+00,-9.404961206840106058e+00,-9.460198711167926433e+00,-1.082922879724807075e+01,-1.082922879724807075e+01,-2.173521102291662288e+01,-2.173521102291662288e+01,-2.173521102291662288e+01,-2.706462848524593312e+01
-1.035440271745675878e+00,-1.128243059139466542e+00,-9.341803320496479657e+00,-9.490350690745589901e+00,-9.490350690745589901e+00,-9.490350690745589901e+00,-1.083326399174071142e+01,-1.083326399174071142e+01,-1.083326399174071142e+01,-1.033923976226452446e+01
-9.466615142142481787e+00,-9.466615142142481787e+00,-9.582741539168717182e+00,-9.498745966911961602e+00,-9.498745966911961602e+00,-9.498745966911961602e+00,-9.575568031890309584e+00,-9.575568031890309584e+00,-9.575568031890309584e+00,-9.810535970150198182e+00
4.048451913871392582e-01,4.048451913871392582e-01,3.733718494633183616e-01,3.487714814056285806e-01,1.792338096743973097e-01,-6.862353125099451834e-02,1.359915206410891933e-02,1.359915206410891933e-02,1.359915206410891933e-02,-9.231030122133521587e+00
-9.390218692201397488e+00,-9.390218692201397488e+00,-9.390218692201397488e+00,-9.285008470824266169e+00,-9.285008470824266169e+00,-9.285008470824266169e+00,-9.889417247496066210e+00,-9.889417247496066210e+00,-9.889417247496066210e+00,-3.121274170251273361e+01
-9.451169580655612634e+00,-9.451169580655612634e+00,-9.451169580655612634e+00,-1.052577000618499170e+01,-1.052577000618499170e+01,-1.052577000618499170e+01,-2.011113021975930693e+01,-2.011113021975930693e+01,-2.011113021975930693e+01,-2.314599523693703986e+01
-9.401203063341476707e+00,-9.401203063341476707e+00,-9.401203063341476707e+00,-9.054121958797630043e+00,-9.054121958797630043e+00,-9.054121958797630043e+00,-8.829240608044855776e+00,-8.829240608044855776e+00,-8.829240608044855776e+00,-8.335072181736633112e+00
-9.459265715117265216e+00,-9.459265715117265216e+00,-9.459265715117265216e+00,-9.497026516257427886e+00,-9.693430710439203679e+00,-9.693430710439203679e+00,-1.828650920307743633e+01,-1.828650920307743633e+01,-1.828650920307743633e+01,-2.253418069593512030e+01
2.916392721690326817e-01,2.916392721690326817e-01,-9.479146986317818602e+00,-9.658576180182546267e+00,-9.658576180182546267e+00,-9.658576180182546267e+00,-1.972933208656344561e+01,-1.972933208656344561e+01,-1.972933208656344561e+01,-2.012778806403740361e+01
-9.454860433374769002e+00,-9.454860433374769002e+00,-9.454860433374769002e+00,-9.495647562377074635e+00,-9.500149587158450259e+00,-9.500149587158450259e+00,-1.026305626878354360e+01,-1.026305626878354360e+01,-1.026305626878354360e+01,-1.617514621379502060e+01
-9.481817003589693371e+00,-9.481817003589693371e+00,-9.481817003589693371e+00,-9.454191338891849483e+00,-1.352074673216914391e+01,-1.352074673216914391e+01,-1.816928741932839131e+01,-1.816928741932839131e+01,-1.816928741932839131e+01,-2.408679598601005978e+01
-9.480769361832482645e+00,-9.480769361832482645e+00,-9.480769361832482645e+00,-9.805370734604732519e+00,-9.805370734604732519e+00,-9.805370734604732519e+00,-1.125621333837095683e+01,-1.125621333837095683e+01,-1.125621333837095683e+01,-2.080004404385442740e+01
-9.436715882556530488e+00,-9.436715882556530488e+00,-9.890201395253916061e+00,-9.502138584135149557e+00,-9.502138584135149557e+00,-9.502138584135149557e+00,-1.095895380682197562e+01,-1.095895380682197562e+01,-1.095895380682197562e+01,-2.749258825272795548e+01
-9.480952272736656639e+00,-9.480952272736656639e+00,-9.480952272736656639e+00,-9.519228923391766628e+00,-9.519228923391766628e+00,-9.519228923391766628e+00,-1.084505792263815316e+01,-1.084505792263815316e+01,-1.084505792263815316e+01,-1.569417385056738645e+01
