-9.484377983133207124e+00,-9.484377983133207124e+00,-9.484377983133207124e+00,-9.493026381769491095e+00,-9.493026381769491095e+00,-9.493026381769491095e+00,-9.493026381769491095e+00,-9.493026381769491095e+00,-9.502750461992466313e+00,-9.508341258984245314e+00,-9.508341258984245314e+00
3.139428255724121541e-01,4.745910571798095390e-02,1.782270432127575077e-02,1.782270432127575077e-02,-3.742567536289599150e+00,-5.502994316377577633e+00,-6.841346690789391616e+00,-9.505992269776005088e+00,-9.506248031380636121e+00,-9.506248031380636121e+00,-9.506818555910220070e+00
7.099160431937878712e-02,7.099160431937878712e-02,7.099160431937878712e-02,7.099160431937878712e-02,3.021355108907286535e-02,2.548352638550976934e-02,1.641895824494010725e-02,1.641895824494010725e-02,-7.622486510899834755e+00,-8.827032057341297033e+00,-9.508298188081262481e+00
5.699968499068461814e-01,2.098839651994867106e-01,2.046368833176973046e-01,1.426839161025587333e-01,-3.742567536289599150e+00,-4.525762410436747096e+00,-6.354269734984447915e+00,-9.507122498880590911e+00,-9.507122498880590911e+00,-9.507122498880590911e+00,-9.507122498880590911e+00
1.451253356575741282e-01,-4.023910577039877090e+00,-5.521745262276252397e+00,-5.521745262276252397e+00,-9.105560176573849418e+00,-9.508347159840896623e+00,-9.508347159840896623e+00,-9.508347159840896623e+00,-9.508347159840896623e+00,-9.508347159840896623e+00,-9.508347159840896623e+00
-9.507660774447057150e+00,-9.507660774447057150e+00,-9.507660774447057150e+00,-9.507660774447057150e+00,-9.507660774447057150e+00,-9.507660774447057150e+00,-9.507660774447057150e+00,-9.507660774447057150e+00,-9.507660774447057150e+00,-9.507660774447057150e+00,-9.507935750190217306e+00
2.710096980629872476e-02,2.710096980629872476e-02,2.495194230468356089e-02,1.081159262825703848e-04,1.081159262825703848e-04,1.081159262825703848e-04,1.081159262825703848e-04,1.081159262825703848e-04,-8.995908304691951685e+00,-8.995908304691951685e+00,-9.508198906488804170e+00
9.039676083034597909e-02,-1.132213780615437315e+00,-5.521745262276252397e+00,-5.521745262276252397e+00,-7.168707814345845364e+00,-8.348784388206041740e+00,-9.051935376740573247e+00,-9.508350378582580475e+00,-9.508350378582580475e+00,-9.508350378582580475e+00,-9.508350378582580475e+00
-4.338613974687671515e+00,-4.388417503894045169e+00,-5.375816662552295178e+00,-5.502061099685105816e+00,-6.687492937347324862e+00,-7.795541803995540420e+00,-9.501274559290980193e+00,-9.505535231134254914e+00,-9.505535231134254914e+00,-9.505535231134254914e+00,-9.505535231134254914e+00
-6.214429736204019505e+00,-6.214429736204019505e+00,-6.671993149658731248e+00,-6.703430765495737020e+00,-7.542238059966548391e+00,-9.437525545798671089e+00,-9.508285432560208861e+00,-9.508285432560208861e+00,-9.508285432560208861e+00,-9.508285432560208861e+00,-9.508285432560208861e+00
1.011513496152209868e-01,1.011513496152209868e-01,-5.521745262276252397e+00,-7.353014899738458787e+00,-8.876701851486028971e+00,-9.388951728871363756e+00,-9.497292884390983403e+00,-9.508333946196049880e+00,-9.508333946196049880e+00,-9.508333946196049880e+00,-9.508333946196049880e+00
-4.347125145900043286e+00,-5.219976107593621961e+00,-5.219976107593621961e+00,-5.290706248920550969e+00,-5.777997187298211657e+00,-7.407354512419820125e+00,-9.508349682914499112e+00,-9.508349682914499112e+00,-9.508349682914499112e+00,-9.508349682914499112e+00,-9.508349682914499112e+00
-1.035439039837604991e+00,-1.087012422051014227e+00,-5.521745262276252397e+00,-5.521745262276252397e+00,-5.521745262276252397e+00,-7.031541416440536985e+00,-8.509377384493738816e+00,-9.507240762799256117e+00,-9.507595331466418997e+00,-9.507595331466418997e+00,-9.507595331466418997e+00
-9.440168844732776066e+00,-9.440168844732776066e+00,-9.440168844732776066e+00,-9.440168844732776066e+00,-9.483980155543381585e+00,-9.505047946538756065e+00,-9.505047946538756065e+00,-9.505047946538756065e+00,-9.505047946538756065e+00,-9.507438228759614418e+00,-9.507438228759614418e+00
4.048463589304330812e-01,4.048463589304330812e-01,3.984355724438104485e-01,3.487725198061862875e-01,1.792348078592795879e-01,1.461357301102492734e-01,1.919617733761991296e-02,1.919617733761991296e-02,1.919617733761991296e-02,-5.715175697125781440e+00,-5.715175697125781440e+00
-2.769761307449636334e-01,-2.769761307449636334e-01,-3.239843319203949079e+00,-7.412883967378910199e+00,-9.448809515630085087e+00,-9.508013639976274689e+00,-9.508129993888459808e+00,-9.508129993888459808e+00,-9.508129993888459808e+00,-9.508129993888459808e+00,-9.508129993888459808e+00
-6.029483966614659352e+00,-6.221089054684441066e+00,-6.671993149658731248e+00,-6.750230090301801766e+00,-8.184347396429018318e+00,-9.503405976239630348e+00,-9.503405976239630348e+00,-9.503405976239630348e+00,-9.503405976239630348e+00,-9.508347897823048456e+00,-9.508347897823048456e+00
4.117824001374469356e-01,4.117824001374469356e-01,-5.521745262276252397e+00,-6.675060878886158733e+00,-7.793185429170962131e+00,-9.506414937977474722e+00,-9.506414937977474722e+00,-9.506414937977474722e+00,-9.506414937977474722e+00,-9.506414937977474722e+00,-9.507805706565608972e+00
-9.122395061131509664e+00,-9.122395061131509664e+00,-9.122395061131509664e+00,-9.341823383516707935e+00,-9.371864067984304825e+00,-9.488418062306379852e+00,-9.488418062306379852e+00,-9.488418062306379852e+00,-9.488418062306379852e+00,-9.488418062306379852e+00,-9.508287151557031081e+00
2.916402423994644000e-01,2.916402423994644000e-01,-5.521745262276252397e+00,-7.479105741925218709e+00,-8.902504635067206351e+00,-9.382810909221788620e+00,-9.496106025947222307e+00,-9.508340788873105964e+00,-9.508340788873105964e+00,-9.508340788873105964e+00,-9.508340788873105964e+00
-9.236685463170084986e+00,-9.236685463170084986e+00,-9.329243099809881201e+00,-9.493026381769491095e+00,-9.493026381769491095e+00,-9.493026381769491095e+00,-9.493026381769491095e+00,-9.508328741529513906e+00,-9.508328741529513906e+00,-9.508328741529513906e+00,-9.508328741529513906e+00
-7.874852486610766533e+00,-7.874852486610766533e+00,-7.903613326969436415e+00,-8.673980861850358437e+00,-9.504161315700407897e+00,-9.504161315700407897e+00,-9.504161315700407897e+00,-9.504161315700407897e+00,-9.504161315700407897e+00,-9.507928504655071222e+00,-9.508209945033645027e+00
-8.547509212352498054e+00,-8.865053038183640766e+00,-8.865053038183640766e+00,-8.865053038183640766e+00,-9.496457793792007607e+00,-9.508237975857419144e+00,-9.508237975857419144e+00,-9.508237975857419144e+00,-9.508237975857419144e+00,-9.508237975857419144e+00,-9.508237975857419144e+00
-5.128493574945644617e+00,-5.128493574945644617e+00,-9.329243099809881201e+00,-9.329243099809881201e+00,-9.488211392564336322e+00,-9.488211392564336322e+00,-9.499045953922456320e+00,-9.505193400407375037e+00,-9.507694586439548345e+00,-9.507694586439548345e+00,-9.507694586439548345e+00
-8.277487291688842674e+00,-8.277487291688842674e+00,-8.277487291688842674e+00,-8.691308633711537723e+00,-9.502672883839434093e+00,-9.502672883839434093e+00,-9.502672883839434093e+00,-9.504628426342289771e+00,-9.507715769402462769e+00,-9.507797114051252052e+00,-9.507797114051252052e+00
