-9.484377983133207124e+00,-9.484377983133207124e+00,-9.484377983133207124e+00,-9.484377983133207124e+00,-9.484377983133207124e+00,-9.484377983133207124e+00,-9.484377983133207124e+00,-9.484377983133207124e+00,-9.488969907575581786e+00,-9.488969907575581786e+00,-9.488969907575581786e+00
3.139428255724121541e-01,-1.174680976184905745e+00,-1.174680976184905745e+00,-1.174680976184905745e+00,-4.993759723012949792e+00,-4.993759723012949792e+00,-9.476976183347723293e+00,-9.476976183347723293e+00,-9.476976183347723293e+00,-9.476976183347723293e+00,-9.476976183347723293e+00
7.099160431937878712e-02,7.099160431937878712e-02,-3.483633064591343587e+00,-3.483633064591343587e+00,-3.483633064591343587e+00,-9.240391635543804938e+00,-9.240391635543804938e+00,-9.447028988932466120e+00,-9.447028988932466120e+00,-9.489287647456944086e+00,-9.489287647456944086e+00
5.699968499068461814e-01,5.699968499068461814e-01,5.699968499068461814e-01,5.699968499068461814e-01,5.699968499068461814e-01,-9.115263620902979369e+00,-9.441590179505215730e+00,-9.506718132266382071e+00,-9.506718132266382071e+00,-9.506718132266382071e+00,-9.506718132266382071e+00
1.451253356575741282e-01,1.451253356575741282e-01,-3.540626005152502476e+00,-3.540626005152502476e+00,-3.540626005152502476e+00,-9.200906677173875892e+00,-9.461868414107073022e+00,-9.478513241117688892e+00,-9.478513241117688892e+00,-9.478513241117688892e+00,-9.478513241117688892e+00
-9.507660774447057150e+00,-9.507660774447057150e+00,-9.507660774447057150e+00,-9.507660774447057150e+00,-9.507660774447057150e+00,-9.507660774447057150e+00,-9.507660774447057150e+00,-9.507660774447057150e+00,-9.507660774447057150e+00,-9.507660774447057150e+00,-9.507660774447057150e+00
2.710096980629872476e-02,2.710096980629872476e-02,1.908796062399119309e-02,-9.351625385775111710e+00,-9.351625385775111710e+00,-9.351625385775111710e+00,-9.502667630450329028e+00,-9.502667630450329028e+00,-9.502667630450329028e+00,-9.502667630450329028e+00,-9.502667630450329028e+00
9.039676083034597909e-02,9.039676083034597909e-02,9.039676083034597909e-02,-1.052994647332652578e+00,-1.052994647332652578e+00,-1.052994647332652578e+00,-8.986189712365048265e+00,-8.986189712365048265e+00,-8.986189712365048265e+00,-9.419208756581216591e+00,-9.419208756581216591e+00
-4.338613974687671515e+00,-4.338613974687671515e+00,-4.338613974687671515e+00,-4.338613974687671515e+00,-4.338613974687671515e+00,-4.338613974687671515e+00,-4.338613974687671515e+00,-9.407462178657301166e+00,-9.407462178657301166e+00,-9.407462178657301166e+00,-9.407462178657301166e+00
-6.214429736204019505e+00,-6.214429736204019505e+00,-6.214429736204019505e+00,-6.214429736204019505e+00,-6.214429736204019505e+00,-6.214429736204019505e+00,-9.396322840002063970e+00,-9.396322840002063970e+00,-9.396322840002063970e+00,-9.396322840002063970e+00,-9.396322840002063970e+00
1.011513496152209868e-01,-1.359390490759778025e+00,-1.359390490759778025e+00,-1.359390490759778025e+00,-1.359390490759778025e+00,-9.316329016714528066e+00,-9.316329016714528066e+00,-9.316329016714528066e+00,-9.497506624910894146e+00,-9.497506624910894146e+00,-9.497506624910894146e+00
-4.347125145900043286e+00,-4.347125145900043286e+00,-4.347125145900043286e+00,-5.034226888305595615e+00,-5.034226888305595615e+00,-5.034226888305595615e+00,-9.503153721349088201e+00,-9.503153721349088201e+00,-9.503153721349088201e+00,-9.503153721349088201e+00,-9.503153721349088201e+00
-1.035439039837604991e+00,-1.035439039837604991e+00,-1.035439039837604991e+00,-5.494054860334070867e+00,-5.494054860334070867e+00,-9.337597274449860763e+00,-9.337597274449860763e+00,-9.493815861158065417e+00,-9.493815861158065417e+00,-9.493815861158065417e+00,-9.493815861158065417e+00
-9.440168844732776066e+00,-9.440168844732776066e+00,-9.440168844732776066e+00,-9.440168844732776066e+00,-9.459545915570885199e+00,-9.459545915570885199e+00,-9.459545915570885199e+00,-9.507907049289254786e+00,-9.507907049289254786e+00,-9.507907049289254786e+00,-9.507907049289254786e+00
4.048463589304330812e-01,4.048463589304330812e-01,1.908796062399119309e-02,-2.354301751328192083e+00,-9.457917322909471736e+00,-9.457917322909471736e+00,-9.457917322909471736e+00,-9.457917322909471736e+00,-9.457917322909471736e+00,-9.457917322909471736e+00,-9.457917322909471736e+00
-2.769761307449636334e-01,-2.769761307449636334e-01,-2.769761307449636334e-01,-6.830731461279960115e+00,-6.830731461279960115e+00,-6.830731461279960115e+00,-6.830731461279960115e+00,-9.473800992565493573e+00,-9.473800992565493573e+00,-9.473800992565493573e+00,-9.473800992565493573e+00
-6.029483966614659352e+00,-6.029483966614659352e+00,-6.029483966614659352e+00,-8.862947133889271356e+00,-8.862947133889271356e+00,-8.862947133889271356e+00,-9.499483545383160532e+00,-9.499483545383160532e+00,-9.499483545383160532e+00,-9.499483545383160532e+00,-9.499483545383160532e+00
4.117824001374469356e-01,3.218530959171025385e-01,3.218530959171025385e-01,3.218530959171025385e-01,3.218530959171025385e-01,2.586672302267829515e-01,-8.395719482946677914e+00,-8.395719482946677914e+00,-9.496170505737937972e+00,-9.496170505737937972e+00,-9.496170505737937972e+00
-9.122395061131509664e+00,-9.122395061131509664e+00,-9.122395061131509664e+00,-9.122395061131509664e+00,-9.498181294501709004e+00,-9.498181294501709004e+00,-9.498181294501709004e+00,-9.498181294501709004e+00,-9.498181294501709004e+00,-9.498181294501709004e+00,-9.498181294501709004e+00
2.916402423994644000e-01,2.916402423994644000e-01,-6.509555694757777289e+00,-6.509555694757777289e+00,-6.509555694757777289e+00,-9.494894372145431305e+00,-9.494894372145431305e+00,-9.494894372145431305e+00,-9.494894372145431305e+00,-9.494894372145431305e+00,-9.494894372145431305e+00
-9.236685463170084986e+00,-9.236685463170084986e+00,-9.348827676511284324e+00,-9.499242764451302889e+00,-9.499242764451302889e+00,-9.499242764451302889e+00,-9.499242764451302889e+00,-9.499242764451302889e+00,-9.499242764451302889e+00,-9.499242764451302889e+00,-9.499242764451302889e+00
-7.874852486610766533e+00,-7.874852486610766533e+00,-9.189519161383138623e+00,-9.189519161383138623e+00,-9.189519161383138623e+00,-9.189519161383138623e+00,-9.506349613657548048e+00,-9.506349613657548048e+00,-9.506349613657548048e+00,-9.506349613657548048e+00,-9.506349613657548048e+00
-8.547509212352498054e+00,-8.547509212352498054e+00,-9.480673812115000487e+00,-9.480673812115000487e+00,-9.480673812115000487e+00,-9.480673812115000487e+00,-9.480673812115000487e+00,-9.480673812115000487e+00,-9.480673812115000487e+00,-9.480673812115000487e+00,-9.480673812115000487e+00
-5.128493574945644617e+00,-5.128493574945644617e+00,-5.128493574945644617e+00,-5.128493574945644617e+00,-8.990866608812829952e+00,-8.990866608812829952e+00,-9.506600745183567014e+00,-9.506600745183567014e+00,-9.506600745183567014e+00,-9.506600745183567014e+00,-9.506600745183567014e+00
-8.277487291688842674e+00,-8.277487291688842674e+00,-9.069005170023416440e+00,-9.501952625231188776e+00,-9.501952625231188776e+00,-9.501952625231188776e+00,-9.501952625231188776e+00,-9.501952625231188776e+00,-9.501952625231188776e+00,-9.501952625231188776e+00,-9.501952625231188776e+00
