-9.484377983133207124e+00,-9.484377983133207124e+00,-9.484377983133207124e+00,-9.484377983133207124e+00,-9.484377983133207124e+00,-9.501121723849607292e+00,-9.501121723849607292e+00,-9.501121723849607292e+00,-9.501121723849607292e+00,-9.501121723849607292e+00,-9.501121723849607292e+00
3.139428255724121541e-01,3.139428255724121541e-01,3.139428255724121541e-01,3.139428255724121541e-01,-9.501121723849607292e+00,-9.501121723849607292e+00,-9.501121723849607292e+00,-9.501121723849607292e+00,-9.501121723849607292e+00,-9.501121723849607292e+00,-9.501121723849607292e+00
7.099160431937878712e-02,7.099160431937878712e-02,7.099160431937878712e-02,-9.501121723849607292e+00,-9.501121723849607292e+00,-9.501121723849607292e+00,-9.501121723849607292e+00,-9.501121723849607292e+00,-9.501121723849607292e+00,-9.501121723849607292e+00,-9.501121723849607292e+00
5.699968499068461814e-01,3.788455828065053765e-01,-9.501121723849607292e+00,-9.501121723849607292e+00,-9.501121723849607292e+00,-9.501121723849607292e+00,-9.501121723849607292e+00,-9.501121723849607292e+00,-9.501121723849607292e+00,-9.501121723849607292e+00,-9.501121723849607292e+00
1.451253356575741282e-01,-9.501121723849607292e+00,-9.501121723849607292e+00,-9.501121723849607292e+00,-9.501121723849607292e+00,-9.501121723849607292e+00,-9.501121723849607292e+00,-9.501121723849607292e+00,-9.501121723849607292e+00,-9.501121723849607292e+00,-9.501121723849607292e+00
-9.507660774447057150e+00,-9.507660774447057150e+00,-9.507660774447057150e+00,-9.507660774447057150e+00,-9.507660774447057150e+00,-9.507660774447057150e+00,-9.507660774447057150e+00,-9.507660774447057150e+00,-9.507660774447057150e+00,-9.507660774447057150e+00,-9.507660774447057150e+00
2.710096980629872476e-02,2.710096980629872476e-02,2.710096980629872476e-02,4.606121282663799832e-03,4.606121282663799832e-03,4.606121282663799832e-03,4.606121282663799832e-03,4.606121282663799832e-03,4.606121282663799832e-03,-2.995366178917594269e+00,-2.995366178917594269e+00
9.039676083034597909e-02,9.039676083034597909e-02,4.606121282663799832e-03,4.606121282663799832e-03,4.606121282663799832e-03,4.606121282663799832e-03,4.606121282663799832e-03,4.606121282663799832e-03,-2.995366178917594269e+00,-2.995366178917594269e+00,-2.995366178917594269e+00
-4.338613974687671515e+00,-4.338613974687671515e+00,-4.338613974687671515e+00,-4.338613974687671515e+00,-4.338613974687671515e+00,-4.338613974687671515e+00,-4.338613974687671515e+00,-4.338613974687671515e+00,-4.338613974687671515e+00,-4.338613974687671515e+00,-9.470020797029281567e+00
-6.214429736204019505e+00,-6.214429736204019505e+00,-6.214429736204019505e+00,-6.214429736204019505e+00,-6.214429736204019505e+00,-6.214429736204019505e+00,-6.214429736204019505e+00,-6.214429736204019505e+00,-6.214429736204019505e+00,-9.470020797029281567e+00,-9.470020797029281567e+00
1.011513496152209868e-01,1.011513496152209868e-01,1.011513496152209868e-01,1.011513496152209868e-01,1.011513496152209868e-01,-2.995366178917594269e+00,-2.995366178917594269e+00,-2.995366178917594269e+00,-9.470020797029281567e+00,-9.470020797029281567e+00,-9.470020797029281567e+00
-4.347125145900043286e+00,-4.347125145900043286e+00,-4.347125145900043286e+00,-4.347125145900043286e+00,-4.347125145900043286e+00,-4.347125145900043286e+00,-4.347125145900043286e+00,-9.470020797029281567e+00,-9.470020797029281567e+00,-9.470020797029281567e+00,-9.470020797029281567e+00
-1.035439039837604991e+00,-1.035439039837604991e+00,-1.035439039837604991e+00,-2.995366178917594269e+00,-2.995366178917594269e+00,-2.995366178917594269e+00,-9.470020797029281567e+00,-9.470020797029281567e+00,-9.470020797029281567e+00,-9.470020797029281567e+00,-9.470020797029281567e+00
-9.440168844732776066e+00,-9.440168844732776066e+00,-9.440168844732776066e+00,-9.440168844732776066e+00,-9.440168844732776066e+00,-9.470020797029281567e+00,-9.470020797029281567e+00,-9.470020797029281567e+00,-9.470020797029281567e+00,-9.470020797029281567e+00,-9.470020797029281567e+00
4.048463589304330812e-01,-2.995366178917594269e+00,-2.995366178917594269e+00,-2.995366178917594269e+00,-9.470020797029281567e+00,-9.470020797029281567e+00,-9.470020797029281567e+00,-9.470020797029281567e+00,-9.470020797029281567e+00,-9.470020797029281567e+00,-9.470020797029281567e+00
-2.769761307449636334e-01,-1.224655780748999279e+00,-1.224655780748999279e+00,-9.470020797029281567e+00,-9.470020797029281567e+00,-9.470020797029281567e+00,-9.470020797029281567e+00,-9.470020797029281567e+00,-9.470020797029281567e+00,-9.470020797029281567e+00,-9.470020797029281567e+00
-6.029483966614659352e+00,-6.029483966614659352e+00,-9.470020797029281567e+00,-9.470020797029281567e+00,-9.470020797029281567e+00,-9.470020797029281567e+00,-9.470020797029281567e+00,-9.470020797029281567e+00,-9.470020797029281567e+00,-9.470020797029281567e+00,-9.470020797029281567e+00
4.117824001374469356e-01,-9.470020797029281567e+00,-9.470020797029281567e+00,-9.470020797029281567e+00,-9.470020797029281567e+00,-9.470020797029281567e+00,-9.470020797029281567e+00,-9.470020797029281567e+00,-9.470020797029281567e+00,-9.470020797029281567e+00,-9.470020797029281567e+00
-9.122395061131509664e+00,-9.122395061131509664e+00,-9.122395061131509664e+00,-9.320309286015346473e+00,-9.320309286015346473e+00,-9.320309286015346473e+00,-9.320309286015346473e+00,-9.320309286015346473e+00,-9.320309286015346473e+00,-9.320309286015346473e+00,-9.320309286015346473e+00
2.916402423994644000e-01,2.916402423994644000e-01,-9.320309286015346473e+00,-9.320309286015346473e+00,-9.320309286015346473e+00,-9.320309286015346473e+00,-9.320309286015346473e+00,-9.320309286015346473e+00,-9.320309286015346473e+00,-9.320309286015346473e+00,-9.320309286015346473e+00
-9.236685463170084986e+00,-9.320309286015346473e+00,-9.320309286015346473e+00,-9.320309286015346473e+00,-9.320309286015346473e+00,-9.320309286015346473e+00,-9.320309286015346473e+00,-9.320309286015346473e+00,-9.320309286015346473e+00,-9.320309286015346473e+00,-9.320309286015346473e+00
-7.874852486610766533e+00,-7.874852486610766533e+00,-7.874852486610766533e+00,-7.874852486610766533e+00,-7.874852486610766533e+00,-7.874852486610766533e+00,-7.874852486610766533e+00,-7.874852486610766533e+00,-7.874852486610766533e+00,-7.874852486610766533e+00,-7.874852486610766533e+00
-8.547509212352498054e+00,-8.547509212352498054e+00,-8.547509212352498054e+00,-8.547509212352498054e+00,-8.547509212352498054e+00,-8.547509212352498054e+00,-8.547509212352498054e+00,-8.547509212352498054e+00,-8.547509212352498054e+00,-8.547509212352498054e+00,-8.547509212352498054e+00
-5.128493574945644617e+00,-6.470129214445771382e+00,-6.470129214445771382e+00,-6.470129214445771382e+00,-6.470129214445771382e+00,-6.470129214445771382e+00,-6.470129214445771382e+00,-6.470129214445771382e+00,-6.470129214445771382e+00,-6.470129214445771382e+00,-6.470129214445771382e+00
-8.277487291688842674e+00,-8.277487291688842674e+00,-8.277487291688842674e+00,-8.277487291688842674e+00,-8.277487291688842674e+00,-8.277487291688842674e+00,-8.277487291688842674e+00,-8.277487291688842674e+00,-8.277487291688842674e+00,-8.277487291688842674e+00,-8.277487291688842674e+00
