-9.484377983133207124e+00,-9.484377983133207124e+00,-9.484377983133207124e+00,-9.484377983133207124e+00,-9.508151527569806305e+00,-9.508151527569806305e+00,-9.508151527569806305e+00,-9.508151527569806305e+00,-9.508151527569806305e+00,-9.508151527569806305e+00,-9.508151527569806305e+00
3.139428255724121541e-01,-1.359390490759778025e+00,-1.359390490759778025e+00,-1.359390490759778025e+00,-1.359390490759778025e+00,-1.359390490759778025e+00,-1.359390490759778025e+00,-1.359390490759778025e+00,-1.359390490759778025e+00,-1.359390490759778025e+00,-8.622113854584055659e+00
7.099160431937878712e-02,7.099160431937878712e-02,7.099160431937878712e-02,7.099160431937878712e-02,5.823587679463226863e-03,5.823587679463226863e-03,5.823587679463226863e-03,-7.695622863402395986e+00,-7.695622863402395986e+00,-8.834299132079658889e+00,-9.466692900169014990e+00
5.699968499068461814e-01,5.235241188726860173e-01,3.188793542296921579e-01,1.162802938346810672e-01,1.162802938346810672e-01,-1.359390490759778025e+00,-1.359390490759778025e+00,-1.359390490759778025e+00,-1.359390490759778025e+00,-1.359390490759778025e+00,-1.359390490759778025e+00
1.451253356575741282e-01,7.584532446863478938e-02,1.192598919353260456e-02,1.192598919353260456e-02,-1.366479180440869357e+00,-7.642874224565193941e+00,-9.503026042446212074e+00,-9.503026042446212074e+00,-9.503026042446212074e+00,-9.503026042446212074e+00,-9.503026042446212074e+00
-9.507660774447057150e+00,-9.507660774447057150e+00,-9.507660774447057150e+00,-9.507660774447057150e+00,-9.507660774447057150e+00,-9.507660774447057150e+00,-9.507660774447057150e+00,-9.507660774447057150e+00,-9.507660774447057150e+00,-9.507660774447057150e+00,-9.507660774447057150e+00
2.710096980629872476e-02,2.710096980629872476e-02,2.710096980629872476e-02,2.710096980629872476e-02,-1.359390490759778025e+00,-1.359390490759778025e+00,-9.497524201031200874e+00,-9.497524201031200874e+00,-9.497524201031200874e+00,-9.497524201031200874e+00,-9.497524201031200874e+00
9.039676083034597909e-02,-9.465505221308218253e+00,-9.465505221308218253e+00,-9.465505221308218253e+00,-9.508334382938558704e+00,-9.508334382938558704e+00,-9.508334382938558704e+00,-9.508334382938558704e+00,-9.508334382938558704e+00,-9.508334382938558704e+00,-9.508334382938558704e+00
-4.338613974687671515e+00,-4.338613974687671515e+00,-9.181662368809876185e+00,-9.181662368809876185e+00,-9.325337742882805259e+00,-9.416360864522287599e+00,-9.490079895874778515e+00,-9.508035651837772662e+00,-9.508035651837772662e+00,-9.508035651837772662e+00,-9.508035651837772662e+00
-6.214429736204019505e+00,-6.214429736204019505e+00,-9.285616449334371580e+00,-9.285616449334371580e+00,-9.493654849525462680e+00,-9.493654849525462680e+00,-9.493654849525462680e+00,-9.493654849525462680e+00,-9.507257636405983092e+00,-9.507257636405983092e+00,-9.508181053355698964e+00
1.011513496152209868e-01,5.693052894817363097e-02,5.693052894817363097e-02,5.693052894817363097e-02,5.693052894817363097e-02,5.693052894817363097e-02,5.693052894817363097e-02,5.693052894817363097e-02,-1.359390490759778025e+00,-1.359390490759778025e+00,-1.359390490759778025e+00
-4.347125145900043286e+00,-7.409075307309874958e+00,-8.858941519849226509e+00,-9.490387570442525345e+00,-9.490387570442525345e+00,-9.490387570442525345e+00,-9.490387570442525345e+00,-9.508331390159211693e+00,-9.508331390159211693e+00,-9.508331390159211693e+00,-9.508331390159211693e+00
-1.035439039837604991e+00,-4.604382134260196047e+00,-6.674567526627183334e+00,-8.404653880542838351e+00,-9.202407080443554932e+00,-9.507650125119347706e+00,-9.507650125119347706e+00,-9.507650125119347706e+00,-9.507650125119347706e+00,-9.507650125119347706e+00,-9.507650125119347706e+00
-9.440168844732776066e+00,-9.450080346766451811e+00,-9.450080346766451811e+00,-9.450080346766451811e+00,-9.506681849008955965e+00,-9.506681849008955965e+00,-9.506681849008955965e+00,-9.506681849008955965e+00,-9.506681849008955965e+00,-9.506681849008955965e+00,-9.506681849008955965e+00
4.048463589304330812e-01,4.048463589304330812e-01,6.669937641569201325e-02,3.403772689379525040e-02,-1.359390490759778025e+00,-1.359390490759778025e+00,-1.359390490759778025e+00,-1.359390490759778025e+00,-1.359390490759778025e+00,-1.359390490759778025e+00,-1.359390490759778025e+00
-2.769761307449636334e-01,-2.769761307449636334e-01,-2.769761307449636334e-01,-2.769761307449636334e-01,-9.844572151879185107e-01,-1.871136978882464330e+00,-2.649780880915373338e+00,-8.110041560452851073e+00,-9.484412444938998377e+00,-9.484412444938998377e+00,-9.506956836999314930e+00
-6.029483966614659352e+00,-7.914406115776261963e+00,-8.854154354132338867e+00,-9.460194576475473127e+00,-9.506260490579881761e+00,-9.506260490579881761e+00,-9.506260490579881761e+00,-9.506260490579881761e+00,-9.506260490579881761e+00,-9.506852079520166754e+00,-9.506852079520166754e+00
4.117824001374469356e-01,0.000000000000000000e+00,0.000000000000000000e+00,0.000000000000000000e+00,0.000000000000000000e+00,0.000000000000000000e+00,0.000000000000000000e+00,0.000000000000000000e+00,0.000000000000000000e+00,0.000000000000000000e+00,0.000000000000000000e+00
-9.122395061131509664e+00,-9.501579467891794195e+00,-9.501579467891794195e+00,-9.501579467891794195e+00,-9.508242508070559040e+00,-9.508242508070559040e+00,-9.508242508070559040e+00,-9.508242508070559040e+00,-9.508242508070559040e+00,-9.508242508070559040e+00,-9.508242508070559040e+00
2.916402423994644000e-01,2.916402423994644000e-01,9.262819559237600586e-02,2.377155454723167693e-03,-1.359390490759778025e+00,-1.359390490759778025e+00,-4.319177213464259424e+00,-4.319177213464259424e+00,-9.505732017809215506e+00,-9.505732017809215506e+00,-9.505732017809215506e+00
-9.236685463170084986e+00,-9.499777867484173299e+00,-9.499777867484173299e+00,-9.499777867484173299e+00,-9.507292782506191031e+00,-9.507292782506191031e+00,-9.507292782506191031e+00,-9.507292782506191031e+00,-9.507292782506191031e+00,-9.507292782506191031e+00,-9.507292782506191031e+00
-7.874852486610766533e+00,-7.874852486610766533e+00,-7.937540876073329699e+00,-8.046585417649362526e+00,-9.390657046570161981e+00,-9.391414834763750719e+00,-9.508277547925386486e+00,-9.508277547925386486e+00,-9.508277547925386486e+00,-9.508277547925386486e+00,-9.508277547925386486e+00
-8.547509212352498054e+00,-8.547509212352498054e+00,-9.173337335746413856e+00,-9.444366582903029439e+00,-9.508122976467600296e+00,-9.508122976467600296e+00,-9.508122976467600296e+00,-9.508122976467600296e+00,-9.508122976467600296e+00,-9.508122976467600296e+00,-9.508122976467600296e+00
-5.128493574945644617e+00,-5.128493574945644617e+00,-9.500070267339587815e+00,-9.500070267339587815e+00,-9.500070267339587815e+00,-9.500070267339587815e+00,-9.500070267339587815e+00,-9.500070267339587815e+00,-9.506788530737384946e+00,-9.506788530737384946e+00,-9.508339581709334354e+00
-8.277487291688842674e+00,-8.277487291688842674e+00,-9.299113868570142216e+00,-9.442506166062599959e+00,-9.442506166062599959e+00,-9.442506166062599959e+00,-9.442506166062599959e+00,-9.442506166062599959e+00,-9.442506166062599959e+00,-9.442506166062599959e+00,-9.507307792263571145e+00
