-9.484377983133207124e+00,-9.484377983133207124e+00,-9.484377983133207124e+00,-9.493026381769491095e+00,-9.493026381769491095e+00,-9.493026381769491095e+00,-9.493026381769491095e+00,-9.493026381769491095e+00,-9.502750461992466313e+00,-9.502750461992466313e+00,-9.502750461992466313e+00
3.139428255724121541e-01,4.745910571798095390e-02,1.782270432127575077e-02,4.677804943398200521e-06,4.677804943398200521e-06,4.677804943398200521e-06,4.677804943398200521e-06,4.677804943398200521e-06,-7.622486510899834755e+00,-7.622486510899834755e+00,-9.324301641209277847e+00
7.099160431937878712e-02,7.099160431937878712e-02,7.099160431937878712e-02,7.099160431937878712e-02,3.021355108907286535e-02,2.534152762551844518e-02,1.725181855008273146e-02,1.725181855008273146e-02,1.725181855008273146e-02,1.725181855008273146e-02,1.725181855008273146e-02
5.699968499068461814e-01,2.098839651994867106e-01,2.046619265999955750e-01,1.426839161025587333e-01,-3.742567536289599150e+00,-4.525762410436747096e+00,-6.354324355847381867e+00,-8.736675582203908164e+00,-9.506441697860285700e+00,-9.506441697860285700e+00,-9.506441697860285700e+00
1.451253356575741282e-01,-4.023910577039877090e+00,-7.974414036482510681e+00,-7.974414036482510681e+00,-8.835667137778973057e+00,-9.324089745434029908e+00,-9.503033083857452823e+00,-9.503033083857452823e+00,-9.503033083857452823e+00,-9.503033083857452823e+00,-9.503033083857452823e+00
-9.507660774447057150e+00,-9.507660774447057150e+00,-9.507660774447057150e+00,-9.507660774447057150e+00,-9.507660774447057150e+00,-9.507660774447057150e+00,-9.507660774447057150e+00,-9.507660774447057150e+00,-9.507660774447057150e+00,-9.507660774447057150e+00,-9.507660774447057150e+00
2.710096980629872476e-02,2.710096980629872476e-02,2.495194230468356089e-02,1.081170489982685723e-04,1.081170489982685723e-04,1.081170489982685723e-04,1.081170489982685723e-04,1.081170489982685723e-04,-8.931753540101681210e+00,-8.931753540101681210e+00,-9.405352725460339514e+00
9.039676083034597909e-02,-1.132213780615437315e+00,-5.521745262276252397e+00,-5.521745262276252397e+00,-7.176717958368945105e+00,-8.373796141740115218e+00,-9.146557693002083766e+00,-9.146557693002083766e+00,-9.508157224188973800e+00,-9.508157224188973800e+00,-9.508157224188973800e+00
-4.338613974687671515e+00,-4.388417503894045169e+00,-5.375816662552295178e+00,-5.502714111025149180e+00,-6.689215968187379957e+00,-7.797124156873876721e+00,-9.508098770611168149e+00,-9.508098770611168149e+00,-9.508098770611168149e+00,-9.508098770611168149e+00,-9.508098770611168149e+00
-6.214429736204019505e+00,-6.214429736204019505e+00,-6.671993149658731248e+00,-6.703729976451914041e+00,-7.545458228661152233e+00,-9.439940058050908078e+00,-9.491262626682718917e+00,-9.491262626682718917e+00,-9.491262626682718917e+00,-9.491262626682718917e+00,-9.491262626682718917e+00
1.011513496152209868e-01,1.011513496152209868e-01,-5.521745262276252397e+00,-7.353014899738458787e+00,-8.933800565527384663e+00,-9.487961316721520433e+00,-9.487961316721520433e+00,-9.487961316721520433e+00,-9.487961316721520433e+00,-9.487961316721520433e+00,-9.508330448600887053e+00
-4.347125145900043286e+00,-5.219976107593621961e+00,-5.219976107593621961e+00,-5.290706248920550969e+00,-5.777130224056639562e+00,-7.405714435560019737e+00,-9.484704155892515587e+00,-9.484704155892515587e+00,-9.484704155892515587e+00,-9.484704155892515587e+00,-9.484704155892515587e+00
-1.035439039837604991e+00,-1.087012422051014227e+00,-5.521745262276252397e+00,-5.521745262276252397e+00,-6.509296536447015669e+00,-7.224972680540902914e+00,-7.997302512041205347e+00,-9.506560037928686313e+00,-9.506560037928686313e+00,-9.506560037928686313e+00,-9.506560037928686313e+00
-9.440168844732776066e+00,-9.440168844732776066e+00,-9.440168844732776066e+00,-9.440168844732776066e+00,-9.483980155543381585e+00,-9.483980155543381585e+00,-9.483980155543381585e+00,-9.483980155543381585e+00,-9.483980155543381585e+00,-9.503636882390196661e+00,-9.503636882390196661e+00
4.048463589304330812e-01,4.048463589304330812e-01,3.984355724438104485e-01,3.487724795904915132e-01,1.792348078592795879e-01,1.461342109481151841e-01,1.919831085220269351e-02,1.919831085220269351e-02,1.919831085220269351e-02,-5.715175697125781440e+00,-5.715175697125781440e+00
-2.769761307449636334e-01,-2.769761307449636334e-01,-3.239843319203949079e+00,-7.412883967378910199e+00,-9.501201964173555226e+00,-9.501201964173555226e+00,-9.501201964173555226e+00,-9.501201964173555226e+00,-9.501201964173555226e+00,-9.506943696635316243e+00,-9.508154554267530756e+00
-6.029483966614659352e+00,-6.221089054684441066e+00,-6.671993149658731248e+00,-6.703577098391280131e+00,-7.694740512320052517e+00,-9.390658691334726527e+00,-9.390658691334726527e+00,-9.390658691334726527e+00,-9.390658691334726527e+00,-9.390658691334726527e+00,-9.508335034205007474e+00
4.117824001374469356e-01,4.117824001374469356e-01,-5.521745262276252397e+00,-6.675060878886158733e+00,-7.793185429170962131e+00,-9.402726404454000431e+00,-9.402726404454000431e+00,-9.402726404454000431e+00,-9.504016294990952574e+00,-9.508347746387915578e+00,-9.508347746387915578e+00
-9.122395061131509664e+00,-9.122395061131509664e+00,-9.122395061131509664e+00,-9.341823383516707935e+00,-9.371864067984304825e+00,-9.371864067984304825e+00,-9.508347596220890097e+00,-9.508347596220890097e+00,-9.508347596220890097e+00,-9.508347596220890097e+00,-9.508347596220890097e+00
2.916402423994644000e-01,2.916402423994644000e-01,-5.521745262276252397e+00,-7.479105741925218709e+00,-8.980508000066064866e+00,-9.497847883406709713e+00,-9.497847883406709713e+00,-9.497847883406709713e+00,-9.497847883406709713e+00,-9.508348747998299544e+00,-9.508348747998299544e+00
-9.236685463170084986e+00,-9.236685463170084986e+00,-9.329243099809881201e+00,-9.493026381769491095e+00,-9.493026381769491095e+00,-9.493026381769491095e+00,-9.493026381769491095e+00,-9.507915070670824420e+00,-9.507915070670824420e+00,-9.507915070670824420e+00,-9.507915070670824420e+00
-7.874852486610766533e+00,-7.874852486610766533e+00,-7.903613326969436415e+00,-8.673975015184083759e+00,-9.135777346696375645e+00,-9.507594448503763118e+00,-9.507594448503763118e+00,-9.507594448503763118e+00,-9.507594448503763118e+00,-9.507594448503763118e+00,-9.508300021203442753e+00
-8.547509212352498054e+00,-8.865053038183640766e+00,-8.865053038183640766e+00,-8.865053038183640766e+00,-9.507925877010466209e+00,-9.507925877010466209e+00,-9.507925877010466209e+00,-9.507925877010466209e+00,-9.507925877010466209e+00,-9.507925877010466209e+00,-9.507925877010466209e+00
-5.128493574945644617e+00,-5.128493574945644617e+00,-9.329243099809881201e+00,-9.329243099809881201e+00,-9.488211392564336322e+00,-9.488211392564336322e+00,-9.488211392564336322e+00,-9.488211392564336322e+00,-9.507385084509014206e+00,-9.507833330285155427e+00,-9.507833330285155427e+00
-8.277487291688842674e+00,-8.277487291688842674e+00,-8.277487291688842674e+00,-8.691308633711537723e+00,-9.218084789550719194e+00,-9.218084789550719194e+00,-9.507456056148130941e+00,-9.507456056148130941e+00,-9.507456056148130941e+00,-9.507456056148130941e+00,-9.508343995010742233e+00
