-9.484377983133207124e+00,-9.484377983133207124e+00,-9.490720015729060322e+00,-9.499363746290537591e+00,-9.507506278842438263e+00,-9.507506278842438263e+00,-9.507506278842438263e+00,-9.507506278842438263e+00,-9.508143786128666619e+00,-9.508173047687174417e+00,-9.508215451175225041e+00
3.139428255724121541e-01,-1.359390490759778025e+00,-1.359390490759778025e+00,-1.359390490759778025e+00,-1.359390490759778025e+00,-1.359390490759778025e+00,-1.359390490759778025e+00,-1.359390490759778025e+00,-1.359390490759778025e+00,-1.359390490759778025e+00,-7.369350100385688940e+00
7.099160431937878712e-02,6.086842669479164414e-02,5.210936612346128705e-02,1.945510044109255432e-03,1.945510044109255432e-03,-7.946873929675422943e+00,-7.946873929675422943e+00,-9.463831484669510630e+00,-9.506200466173458707e+00,-9.508262339835290788e+00,-9.508343835802168797e+00
5.699968499068461814e-01,5.040023703264314703e-01,2.682467320267283295e-01,9.971426240086955772e-02,1.055409266577544969e-02,-1.359390490759778025e+00,-1.359390490759778025e+00,-1.359390490759778025e+00,-1.359390490759778025e+00,-1.359390490759778025e+00,-6.955553391565024945e+00
1.451253356575741282e-01,7.660417847967226912e-02,1.697985767284437841e-02,2.737352231172440753e-04,-1.898430592064421107e+00,-1.898430592064421107e+00,-8.348787072139984389e+00,-9.449188784184645584e+00,-9.507420933449761691e+00,-9.508333830481387139e+00,-9.508342150999828490e+00
-9.507660774447057150e+00,-9.507660774447057150e+00,-9.507660774447057150e+00,-9.507660774447057150e+00,-9.507660774447057150e+00,-9.507660774447057150e+00,-9.507660774447057150e+00,-9.507660774447057150e+00,-9.507660774447057150e+00,-9.507660774447057150e+00,-9.507660774447057150e+00
2.710096980629872476e-02,2.710096980629872476e-02,0.000000000000000000e+00,0.000000000000000000e+00,-1.359390490759778025e+00,-1.359390490759778025e+00,-7.867267981276804711e+00,-7.867267981276804711e+00,-9.505140968902214382e+00,-9.508277745495274047e+00,-9.508277745495274047e+00
9.039676083034597909e-02,-9.508176326994615124e+00,-9.508176326994615124e+00,-9.508176326994615124e+00,-9.508217075629103121e+00,-9.508217075629103121e+00,-9.508217075629103121e+00,-9.508240680499635999e+00,-9.508240680499635999e+00,-9.508240680499635999e+00,-9.508297174491284309e+00
-4.338613974687671515e+00,-4.338613974687671515e+00,-9.365899459167168928e+00,-9.508348818994061702e+00,-9.508348818994061702e+00,-9.508348818994061702e+00,-9.508348818994061702e+00,-9.508348818994061702e+00,-9.508348818994061702e+00,-9.508348818994061702e+00,-9.508348818994061702e+00
-6.214429736204019505e+00,-6.214429736204019505e+00,-9.395785491776329934e+00,-9.505444846903996492e+00,-9.505444846903996492e+00,-9.505444846903996492e+00,-9.505444846903996492e+00,-9.508016240065936486e+00,-9.508093923957591898e+00,-9.508094776265911818e+00,-9.508149385116656305e+00
1.011513496152209868e-01,5.150226814492331329e-02,5.150226814492331329e-02,4.845631199170696846e-04,4.845631199170696846e-04,4.845631199170696846e-04,-1.359390490759778025e+00,-1.359390490759778025e+00,-8.584818805376773554e+00,-8.584818805376773554e+00,-9.370683728592279493e+00
-4.347125145900043286e+00,-6.131073779384230704e+00,-7.471141866848814317e+00,-8.377887833493630865e+00,-9.500093515750950957e+00,-9.507669983311306083e+00,-9.507669983311306083e+00,-9.507669983311306083e+00,-9.507669983311306083e+00,-9.507669983311306083e+00,-9.507669983311306083e+00
-1.035439039837604991e+00,-3.499480713491459838e+00,-4.628723675899074408e+00,-5.705756453059406041e+00,-9.423078165305060594e+00,-9.505506961036934044e+00,-9.508237752022147049e+00,-9.508237752022147049e+00,-9.508237752022147049e+00,-9.508237752022147049e+00,-9.508237752022147049e+00
-9.440168844732776066e+00,-9.440168844732776066e+00,-9.440168844732776066e+00,-9.493026381769491095e+00,-9.508162105984418133e+00,-9.508162105984418133e+00,-9.508162105984418133e+00,-9.508268973151803749e+00,-9.508268974008199592e+00,-9.508268974008199592e+00,-9.508282008905180049e+00
4.048463589304330812e-01,2.101466688770867730e-01,2.040223751320335843e-02,2.040223751320335843e-02,-1.359390490759778025e+00,-1.359390490759778025e+00,-1.359390490759778025e+00,-9.332545980704953337e+00,-9.464259894610375312e+00,-9.496324160640490675e+00,-9.507849703853608503e+00
-2.769761307449636334e-01,-2.769761307449636334e-01,-2.769761307449636334e-01,-2.769761307449636334e-01,-7.717736505919358336e+00,-9.457222535936807617e+00,-9.507802097367672900e+00,-9.507802097367672900e+00,-9.507846264100329847e+00,-9.507846264100329847e+00,-9.507846264100329847e+00
-6.029483966614659352e+00,-7.399407941654084553e+00,-8.521206812339237047e+00,-9.085021589594003188e+00,-9.502885324607571960e+00,-9.502885324607571960e+00,-9.508315533045646362e+00,-9.508315533045646362e+00,-9.508315533045646362e+00,-9.508315533045646362e+00,-9.508315533045646362e+00
4.117824001374469356e-01,0.000000000000000000e+00,0.000000000000000000e+00,0.000000000000000000e+00,0.000000000000000000e+00,0.000000000000000000e+00,0.000000000000000000e+00,0.000000000000000000e+00,0.000000000000000000e+00,0.000000000000000000e+00,0.000000000000000000e+00
-9.122395061131509664e+00,-9.122395061131509664e+00,-9.395185813297430855e+00,-9.476442081195814993e+00,-9.507893924341431102e+00,-9.508109154003282271e+00,-9.508109154003282271e+00,-9.508109154003282271e+00,-9.508126766697817089e+00,-9.508126766697817089e+00,-9.508126766697817089e+00
2.916402423994644000e-01,2.005091184303972041e-01,7.978315269915059460e-02,1.859352016160920051e-02,-1.359390490759778025e+00,-1.359390490759778025e+00,-6.981454589313489834e+00,-6.981454589313489834e+00,-9.225348524900963909e+00,-9.475828586683181953e+00,-9.507896723135036865e+00
-9.236685463170084986e+00,-9.236685463170084986e+00,-9.430873332833016320e+00,-9.487767239452224999e+00,-9.508344362354968382e+00,-9.508344362354968382e+00,-9.508344362354968382e+00,-9.508344362354968382e+00,-9.508344362354968382e+00,-9.508346973962126469e+00,-9.508346973962126469e+00
-7.874852486610766533e+00,-7.874852486610766533e+00,-8.848417604450553142e+00,-9.275123126683228136e+00,-9.500524840990349773e+00,-9.500524840990349773e+00,-9.500524840990349773e+00,-9.508338685841909665e+00,-9.508338685841909665e+00,-9.508338685841909665e+00,-9.508346072022796136e+00
-8.547509212352498054e+00,-8.547509212352498054e+00,-9.148238351295608695e+00,-9.383885738206888760e+00,-9.503733099585785382e+00,-9.503733099585785382e+00,-9.503733099585785382e+00,-9.507625223728096486e+00,-9.507879960507281680e+00,-9.507888535194394919e+00,-9.508131693610302193e+00
-5.128493574945644617e+00,-5.128493574945644617e+00,-9.400073786439154588e+00,-9.507335795731853167e+00,-9.508052661199165811e+00,-9.508052661199165811e+00,-9.508052661199165811e+00,-9.508052661199165811e+00,-9.508052661199165811e+00,-9.508052661199165811e+00,-9.508052661199165811e+00
-8.277487291688842674e+00,-8.277487291688842674e+00,-9.045036377830211194e+00,-9.347946091038560112e+00,-9.500763570488118148e+00,-9.500763570488118148e+00,-9.500763570488118148e+00,-9.508222873696031030e+00,-9.508336056250101365e+00,-9.508337685470049649e+00,-9.508342916733923289e+00
