-9.484377983133207124e+00,-9.484377983133207124e+00,-9.484377983133207124e+00,-9.484377983133207124e+00,-9.484377983133207124e+00,-9.484377983133207124e+00,-9.484377983133207124e+00,-9.484377983133207124e+00,-9.484377983133207124e+00,-9.508317949290098881e+00,-9.508340419064182925e+00
3.139428255724121541e-01,-1.359390490759778025e+00,-1.359390490759778025e+00,-1.359390490759778025e+00,-1.359390490759778025e+00,-1.359390490759778025e+00,-1.359390490759778025e+00,-1.359390490759778025e+00,-1.359390490759778025e+00,-1.359390490759778025e+00,-7.365319040290998487e+00
7.099160431937878712e-02,6.086842669479164414e-02,5.210936612346128705e-02,1.945510044109255432e-03,1.945510044109255432e-03,-7.946873929675422943e+00,-7.946873929675422943e+00,-9.314194637613375960e+00,-9.508271520807026533e+00,-9.508308790183345849e+00,-9.508343137132929002e+00
5.699968499068461814e-01,5.040023703264314703e-01,2.682467320267283295e-01,9.971426240086955772e-02,1.055409266577544969e-02,-1.359390490759778025e+00,-1.359390490759778025e+00,-1.359390490759778025e+00,-1.359390490759778025e+00,-1.359390490759778025e+00,-6.870458574849331868e+00
1.451253356575741282e-01,7.660417847967226912e-02,1.697985767284437841e-02,2.737352231172440753e-04,-1.898430592064421107e+00,-1.898430592064421107e+00,-8.348786450402922554e+00,-9.505968258842528940e+00,-9.505968258842528940e+00,-9.505968258842528940e+00,-9.508292435747899063e+00
-9.507660774447057150e+00,-9.507660774447057150e+00,-9.507660774447057150e+00,-9.507660774447057150e+00,-9.507660774447057150e+00,-9.507660774447057150e+00,-9.507660774447057150e+00,-9.507660774447057150e+00,-9.507660774447057150e+00,-9.507660774447057150e+00,-9.507696693777871744e+00
2.710096980629872476e-02,2.710096980629872476e-02,0.000000000000000000e+00,0.000000000000000000e+00,-1.359390490759778025e+00,-1.359390490759778025e+00,-7.867326485733718400e+00,-7.867326485733718400e+00,-9.379607234739175681e+00,-9.508300293344822407e+00,-9.508300293344822407e+00
9.039676083034597909e-02,-9.508176326527809863e+00,-9.508176326527809863e+00,-9.508176326527809863e+00,-9.508176326527809863e+00,-9.508176326527809863e+00,-9.508176326527809863e+00,-9.508176326527809863e+00,-9.508176326527809863e+00,-9.508176326527809863e+00,-9.508332350878617945e+00
-4.338613974687671515e+00,-4.338613974687671515e+00,-9.365896529391113390e+00,-9.365896529391113390e+00,-9.370431254613801997e+00,-9.508350425777104320e+00,-9.508350425777104320e+00,-9.508350425777104320e+00,-9.508350425777104320e+00,-9.508350425777104320e+00,-9.508350425777104320e+00
-6.214429736204019505e+00,-6.214429736204019505e+00,-9.395785429386194210e+00,-9.505444858627775773e+00,-9.505444858627775773e+00,-9.505444858627775773e+00,-9.505444858627775773e+00,-9.505444858627775773e+00,-9.505444858627775773e+00,-9.508009994534143416e+00,-9.508197529914234281e+00
1.011513496152209868e-01,5.150226822274106553e-02,5.150226822274106553e-02,4.845915582158966117e-04,4.845915582158966117e-04,4.845915582158966117e-04,-1.359390490759778025e+00,-1.359390490759778025e+00,-8.584817421986684849e+00,-9.242383303847113041e+00,-9.467499964441792315e+00
-4.347125145900043286e+00,-6.144064085973788281e+00,-7.498181127082239605e+00,-8.429515688466851842e+00,-9.475154630570106207e+00,-9.475154630570106207e+00,-9.475154630570106207e+00,-9.475154630570106207e+00,-9.507493563919480195e+00,-9.507493563919480195e+00,-9.508196013163018989e+00
-1.035439039837604991e+00,-3.499480713491459838e+00,-4.628723675899074408e+00,-5.705756453059406041e+00,-9.508320339030094104e+00,-9.508320339030094104e+00,-9.508320339030094104e+00,-9.508320339030094104e+00,-9.508320339030094104e+00,-9.508320339030094104e+00,-9.508320339030094104e+00
-9.440168844732776066e+00,-9.440168844732776066e+00,-9.440168844732776066e+00,-9.440168844732776066e+00,-9.440168844732776066e+00,-9.483295550438754162e+00,-9.483295550438754162e+00,-9.508318302333652383e+00,-9.508346735028091246e+00,-9.508346735028091246e+00,-9.508346735028091246e+00
4.048463589304330812e-01,2.101466688770867730e-01,2.040223751320335843e-02,2.040223751320335843e-02,-1.359390490759778025e+00,-1.359390490759778025e+00,-1.359390490759778025e+00,-9.332778852322238805e+00,-9.411110838199487461e+00,-9.507556693467261510e+00,-9.508329045928451961e+00
-2.769761307449636334e-01,-2.769761307449636334e-01,-2.769761307449636334e-01,-2.769761307449636334e-01,-7.885569171369459340e+00,-9.486864027805049560e+00,-9.507254151430849731e+00,-9.507254151430849731e+00,-9.508347109335741010e+00,-9.508347109335741010e+00,-9.508347109335741010e+00
-6.029483966614659352e+00,-7.657916525037481215e+00,-8.968426449641938802e+00,-9.491709294769352212e+00,-9.491709294769352212e+00,-9.491709294769352212e+00,-9.491709294769352212e+00,-9.506140221608823992e+00,-9.507539572749038825e+00,-9.507740604699888465e+00,-9.507740604699888465e+00
4.117824001374469356e-01,0.000000000000000000e+00,0.000000000000000000e+00,0.000000000000000000e+00,0.000000000000000000e+00,0.000000000000000000e+00,0.000000000000000000e+00,0.000000000000000000e+00,0.000000000000000000e+00,0.000000000000000000e+00,0.000000000000000000e+00
-9.122395061131509664e+00,-9.506374716269668568e+00,-9.506374716269668568e+00,-9.506374716269668568e+00,-9.506374716269668568e+00,-9.506374716269668568e+00,-9.506374716269668568e+00,-9.508350438424795215e+00,-9.508350438424795215e+00,-9.508350438424795215e+00,-9.508350438424795215e+00
2.916402423994644000e-01,2.005091184303972041e-01,7.978315269915059460e-02,1.859352016160920051e-02,-1.359390490759778025e+00,-1.359390490759778025e+00,-6.981454589313489834e+00,-6.981454589313489834e+00,-9.490716917207947745e+00,-9.490716917207947745e+00,-9.502872353847545028e+00
-9.236685463170084986e+00,-9.504804618144151007e+00,-9.504804618144151007e+00,-9.504804618144151007e+00,-9.504804618144151007e+00,-9.504804618144151007e+00,-9.504804618144151007e+00,-9.508304699477957200e+00,-9.508307616769396731e+00,-9.508310677957398482e+00,-9.508326853986535099e+00
-7.874852486610766533e+00,-8.968583673410815749e+00,-9.507060717260696237e+00,-9.507060717260696237e+00,-9.507060717260696237e+00,-9.507060717260696237e+00,-9.507060717260696237e+00,-9.507060717260696237e+00,-9.507060717260696237e+00,-9.508348603451569403e+00,-9.508350435929777689e+00
-8.547509212352498054e+00,-8.547509212352498054e+00,-9.404800076649717511e+00,-9.415458080808154051e+00,-9.415458080808154051e+00,-9.415458080808154051e+00,-9.415458080808154051e+00,-9.508241542969944504e+00,-9.508241542969944504e+00,-9.508290983750011804e+00,-9.508290983750011804e+00
-5.128493574945644617e+00,-5.128493574945644617e+00,-9.452068234931640944e+00,-9.452068234931640944e+00,-9.452068234931640944e+00,-9.452068234931640944e+00,-9.452068234931640944e+00,-9.507701741396052952e+00,-9.508324669991129241e+00,-9.508324669991129241e+00,-9.508324669991129241e+00
-8.277487291688842674e+00,-8.277487291688842674e+00,-9.370043398225737619e+00,-9.408017568429926314e+00,-9.408017568429926314e+00,-9.408017568429926314e+00,-9.408017568429926314e+00,-9.508332724976662931e+00,-9.508332724976662931e+00,-9.508332724976662931e+00,-9.508341357242789726e+00
