-9.484377983133207124e+00,-9.484377983133207124e+00,-9.484377983133207124e+00,-9.484377983133207124e+00,-9.501082363338010595e+00,-9.504711903616772872e+00,-9.504711903616772872e+00,-9.508216595647555280e+00,-9.508216595647555280e+00,-9.508216595647555280e+00,-9.508216595647555280e+00
3.139428255724121541e-01,-1.359390490759778025e+00,-1.359390490759778025e+00,-1.359390490759778025e+00,-1.359390490759778025e+00,-1.359390490759778025e+00,-1.359390490759778025e+00,-1.359390490759778025e+00,-1.359390490759778025e+00,-1.359390490759778025e+00,-7.365319040290998487e+00
7.099160431937878712e-02,6.086842669479164414e-02,5.210936612346128705e-02,1.945510044109255432e-03,1.945510044109255432e-03,-7.946873929675422943e+00,-7.946873929675422943e+00,-9.314194637613375960e+00,-9.314194637613375960e+00,-9.314194637613375960e+00,-9.508001634067301922e+00
5.699968499068461814e-01,5.040023703264314703e-01,2.682467320267283295e-01,9.971426240086955772e-02,1.055409266577544969e-02,-1.359390490759778025e+00,-1.359390490759778025e+00,-1.359390490759778025e+00,-1.359390490759778025e+00,-1.359390490759778025e+00,-6.870458574849331868e+00
1.451253356575741282e-01,7.660417847967226912e-02,1.697985767284437841e-02,2.737352231172440753e-04,-1.898430592064421107e+00,-1.898430592064421107e+00,-8.348786450402922554e+00,-9.505968258842528940e+00,-9.505968258842528940e+00,-9.505968258842528940e+00,-9.505968258842528940e+00
-9.507660774447057150e+00,-9.507660774447057150e+00,-9.507660774447057150e+00,-9.507660774447057150e+00,-9.507660774447057150e+00,-9.507660774447057150e+00,-9.507660774447057150e+00,-9.508335642000908194e+00,-9.508335642000908194e+00,-9.508335642000908194e+00,-9.508335642000908194e+00
2.710096980629872476e-02,2.710096980629872476e-02,0.000000000000000000e+00,0.000000000000000000e+00,-1.359390490759778025e+00,-1.359390490759778025e+00,-7.867326485733718400e+00,-7.867326485733718400e+00,-7.867326485733718400e+00,-8.157054964243673822e+00,-9.495736850012779229e+00
9.039676083034597909e-02,-9.508176326527809863e+00,-9.508176326527809863e+00,-9.508176326527809863e+00,-9.508176326527809863e+00,-9.508176326527809863e+00,-9.508176326527809863e+00,-9.508176326527809863e+00,-9.508176326527809863e+00,-9.508176326527809863e+00,-9.508176326527809863e+00
-4.338613974687671515e+00,-4.338613974687671515e+00,-9.365896529391113390e+00,-9.365896529391113390e+00,-9.365896529391113390e+00,-9.365896529391113390e+00,-9.365896529391113390e+00,-9.508318634043330775e+00,-9.508318634043330775e+00,-9.508318634043330775e+00,-9.508318634043330775e+00
-6.214429736204019505e+00,-6.214429736204019505e+00,-9.395785429386194210e+00,-9.505444858627775773e+00,-9.505444858627775773e+00,-9.507254804534500892e+00,-9.507660774447057150e+00,-9.508181895697770614e+00,-9.508181895697770614e+00,-9.508181895697770614e+00,-9.508181895697770614e+00
1.011513496152209868e-01,5.150226822274106553e-02,5.150226822274106553e-02,4.845915582158966117e-04,4.845915582158966117e-04,4.845915582158966117e-04,-1.359390490759778025e+00,-1.359390490759778025e+00,-8.584817421986684849e+00,-9.242383303847113041e+00,-9.467499964441792315e+00
-4.347125145900043286e+00,-6.144064085973788281e+00,-7.498181127082239605e+00,-8.429515688466851842e+00,-9.475154630570106207e+00,-9.507583937257539475e+00,-9.507583937257539475e+00,-9.507583937257539475e+00,-9.507583937257539475e+00,-9.507583937257539475e+00,-9.507583937257539475e+00
-1.035439039837604991e+00,-3.499480713491459838e+00,-4.628723675899074408e+00,-5.705756453059406041e+00,-9.508320339030094104e+00,-9.508320339030094104e+00,-9.508320339030094104e+00,-9.508320339030094104e+00,-9.508320339030094104e+00,-9.508320339030094104e+00,-9.508320339030094104e+00
-9.440168844732776066e+00,-9.440168844732776066e+00,-9.440168844732776066e+00,-9.440168844732776066e+00,-9.508270036633469147e+00,-9.508270036633469147e+00,-9.508270036633469147e+00,-9.508270036633469147e+00,-9.508270036633469147e+00,-9.508270036633469147e+00,-9.508270036633469147e+00
4.048463589304330812e-01,2.101466688770867730e-01,2.040223751320335843e-02,2.040223751320335843e-02,-1.359390490759778025e+00,-1.359390490759778025e+00,-1.359390490759778025e+00,-9.332778852322238805e+00,-9.411110838199487461e+00,-9.411110838199487461e+00,-9.508349698573859143e+00
-2.769761307449636334e-01,-2.769761307449636334e-01,-2.769761307449636334e-01,-2.769761307449636334e-01,-4.376496999208630001e+00,-8.362850946059932511e+00,-8.362850946059932511e+00,-9.313516803211765449e+00,-9.313516803211765449e+00,-9.313516803211765449e+00,-9.507825195323899692e+00
-6.029483966614659352e+00,-7.657916525037481215e+00,-8.968426449641938802e+00,-9.491709294769352212e+00,-9.508104205851685364e+00,-9.508104205851685364e+00,-9.508104205851685364e+00,-9.508104205851685364e+00,-9.508332646012451761e+00,-9.508332646012451761e+00,-9.508332646012451761e+00
4.117824001374469356e-01,0.000000000000000000e+00,0.000000000000000000e+00,0.000000000000000000e+00,0.000000000000000000e+00,0.000000000000000000e+00,-9.507660774447057150e+00,-9.507660774447057150e+00,-9.507660774447057150e+00,-9.507660774447057150e+00,-9.507660774447057150e+00
-9.122395061131509664e+00,-9.506374716269668568e+00,-9.506374716269668568e+00,-9.506374716269668568e+00,-9.506992044065381009e+00,-9.506992044065381009e+00,-9.507660774447057150e+00,-9.508300873224900585e+00,-9.508300873224900585e+00,-9.508300873224900585e+00,-9.508300873224900585e+00
2.916402423994644000e-01,2.005091184303972041e-01,7.978315269915059460e-02,1.859352016160920051e-02,-1.359390490759778025e+00,-1.359390490759778025e+00,-6.981454589313489834e+00,-6.981454589313489834e+00,-9.051870617135177710e+00,-9.051870617135177710e+00,-9.228232027979547780e+00
-9.236685463170084986e+00,-9.504804618144151007e+00,-9.504804618144151007e+00,-9.504804618144151007e+00,-9.508181325331220179e+00,-9.508181325331220179e+00,-9.508181325331220179e+00,-9.508337962112511477e+00,-9.508337962112511477e+00,-9.508337962112511477e+00,-9.508337962112511477e+00
-7.874852486610766533e+00,-8.968583673410815749e+00,-9.507060717260696237e+00,-9.507060717260696237e+00,-9.508320527762215590e+00,-9.508320527762215590e+00,-9.508320527762215590e+00,-9.508320527762215590e+00,-9.508320527762215590e+00,-9.508320527762215590e+00,-9.508320527762215590e+00
-8.547509212352498054e+00,-8.547509212352498054e+00,-8.547509212352498054e+00,-8.958571915651187823e+00,-9.428603958119229134e+00,-9.505727151740300584e+00,-9.508212964267872991e+00,-9.508212964267872991e+00,-9.508212964267872991e+00,-9.508212964267872991e+00,-9.508212964267872991e+00
-5.128493574945644617e+00,-5.128493574945644617e+00,-9.452068234931640944e+00,-9.452068234931640944e+00,-9.507787075722566428e+00,-9.507787075722566428e+00,-9.507787075722566428e+00,-9.507787075722566428e+00,-9.507787075722566428e+00,-9.507787075722566428e+00,-9.507787075722566428e+00
-8.277487291688842674e+00,-8.277487291688842674e+00,-8.277487291688842674e+00,-8.804489020362673557e+00,-9.505636814329367468e+00,-9.508304920555314510e+00,-9.508304920555314510e+00,-9.508304920555314510e+00,-9.508304920555314510e+00,-9.508333999838800565e+00,-9.508333999838800565e+00
