1.418474829963320794e+01,1.418474829963320794e+01,1.095648935858511308e+01,1.049009376757078549e+01,1.049009376757078549e+01,1.049009376757078549e+01,2.602746147538930632e+00,2.602746147538930632e+00,2.602746147538930632e+00,2.863001355664836489e-01
2.000000000000000000e+01,1.999991224608284668e+01,2.000000000000000000e+01,7.819383628430887079e+00,7.819383628430887079e+00,7.819383628430887079e+00,1.876631011676038296e+00,1.876631011676038296e+00,4.524408239218535299e-01,4.814289113367965500e-01
2.000000000000000000e+01,2.000000000000000000e+01,2.000000000000000000e+01,1.999999999999999645e+01,2.000000000000000000e+01,3.666376211023127496e+00,6.796742184154180855e-02,6.796742184154180855e-02,6.796742184154180855e-02,1.140563782413251070e+00
2.000000000000000000e+01,2.000000000000000000e+01,8.941590217764249005e+00,2.000000000000000000e+01,1.999999987994051409e+01,8.593121275712045648e-02,1.153244433108286060e+00,1.153244433108286060e+00,1.153244433108286060e+00,9.996297111387440759e-02
2.000000000000000000e+01,1.999999679587327961e+01,2.000000000000000000e+01,7.873314730746759915e-01,7.873314730746759915e-01,1.279836139058328381e+00,2.816032768856807644e-01,2.816032768856807644e-01,2.816032768856807644e-01,2.175848316255948045e-01
1.999999934002867619e+01,1.999999934002867619e+01,1.999999934002867619e+01,1.999990313476578407e+01,1.999990313476578407e+01,1.999990313476578407e+01,8.358990527929218928e+00,8.358990527929218928e+00,8.358990527929218928e+00,3.175733430089852760e+00
2.000000000000000000e+01,2.000000000000000000e+01,8.449998211861380781e+00,6.491666432959157518e-02,6.491666432959157518e-02,6.491666432959157518e-02,3.926381028821700259e+00,3.926381028821700259e+00,3.926381028821700259e+00,4.469423408696675537e-01
2.000000000000000000e+01,2.000000000000000000e+01,2.170459742443994755e-01,3.678435945416823061e-01,3.678435945416823061e-01,3.678435945416823061e-01,2.367635673900938265e-01,2.367635673900938265e-01,2.367635673900938265e-01,1.466962827776219225e-01
8.823692179769486443e-02,8.823692179769486443e-02,8.823692179769486443e-02,1.999999669141367420e+01,1.999999669141367420e+01,1.999999669141367420e+01,8.761239243070901850e-01,8.761239243070901850e-01,8.761239243070901850e-01,1.952809387604171887e-01
2.712691742419063856e-01,2.712691742419063856e-01,2.712691742419063856e-01,1.999978011066115258e+01,1.999978011066115258e+01,1.999978011066115258e+01,2.133935721361715832e+00,2.133935721361715832e+00,2.133935721361715832e+00,6.441610219072831933e-01
2.000000000000000000e+01,2.000000000000000000e+01,2.419559719522961783e-01,6.172401707797813275e-01,6.172401707797813275e-01,6.172401707797813275e-01,7.986546396488103383e-02,7.986546396488103383e-02,7.986546396488103383e-02,2.807557575815710152e-02
1.455571565463519290e-01,1.455571565463519290e-01,1.455571565463519290e-01,2.397401571893685190e+00,1.339409104570945530e+00,1.339409104570945530e+00,7.987585066956445767e-02,7.987585066956445767e-02,7.987585066956445767e-02,4.626856341322539007e-02
2.000000000000000000e+01,3.989672904084619276e+00,1.790560275519095523e-01,1.319936247025304821e-01,1.319936247025304821e-01,1.319936247025304821e-01,6.352300803252404204e-01,6.352300803252404204e-01,6.352300803252404204e-01,7.028004110980466956e-01
7.629322438128659734e+00,7.629322438128659734e+00,5.616134489903910065e+00,9.554479954548384057e+00,9.554479954548384057e+00,9.554479954548384057e+00,5.451866683091711963e+00,5.451866683091711963e+00,5.451866683091711963e+00,2.584251065790858171e+00
2.000000000000000000e+01,2.000000000000000000e+01,5.013464984973362348e+00,1.999998428568211750e+01,1.999999999999992895e+01,1.636773410669134066e+00,5.876628343860994974e+00,5.876628343860994974e+00,5.876628343860994974e+00,2.143790948407900410e-01
1.008245070590390591e-01,1.008245070590390591e-01,1.008245070590390591e-01,6.579785411571900666e-02,6.579785411571900666e-02,6.579785411571900666e-02,1.994709857315704604e-01,1.994709857315704604e-01,1.994709857315704604e-01,4.101329655209531855e-02
4.013903916120679094e-01,4.013903916120679094e-01,4.013903916120679094e-01,1.845919924852586380e+00,1.845919924852586380e+00,1.845919924852586380e+00,1.326006032856808237e-01,1.326006032856808237e-01,1.326006032856808237e-01,8.293803182625303361e-02
2.118009483538585147e-01,2.118009483538585147e-01,2.118009483538585147e-01,2.444520558773483898e-01,2.444520558773483898e-01,2.444520558773483898e-01,2.441719683006340069e-01,2.441719683006340069e-01,2.441719683006340069e-01,2.789667251235349865e-01
3.051077291512872769e+00,3.051077291512872769e+00,3.051077291512872769e+00,3.177813130227545191e+00,2.484271964676567190e+00,2.484271964676567190e+00,2.220674600027927881e-01,2.220674600027927881e-01,2.220674600027927881e-01,8.401895860426167317e-02
1.999999999999932854e+01,1.999999999999932854e+01,1.849056305098714381e-01,7.992084210861648552e-01,7.992084210861648552e-01,7.992084210861648552e-01,9.269494953169857276e-02,9.269494953169857276e-02,9.269494953169857276e-02,7.799211724716238747e-02
3.960100934984296828e+00,3.960100934984296828e+00,3.960100934984296828e+00,4.005767081468321500e+00,1.104739252842875530e+01,1.104739252842875530e+01,1.371001097256279833e+00,1.371001097256279833e+00,1.371001097256279833e+00,2.284056051511831331e-01
7.982616275868015254e-01,7.982616275868015254e-01,7.982616275868015254e-01,2.940491656274589971e+00,3.914428209283686844e-01,3.914428209283686844e-01,1.250729198268835940e-01,1.250729198268835940e-01,1.250729198268835940e-01,5.948942971979737093e-02
1.219731951766850786e+00,1.219731951766850786e+00,1.219731951766850786e+00,2.918242717095064442e+00,2.918242717095064442e+00,2.918242717095064442e+00,6.412107349982009152e-01,6.412107349982009152e-01,6.412107349982009152e-01,1.057982895557866981e-01
2.557344443061656536e-01,2.557344443061656536e-01,3.692949906342076094e+00,1.142820432718804824e+01,1.142820432718804824e+01,1.142820432718804824e+01,7.752465310108294094e-01,7.752465310108294094e-01,7.752465310108294094e-01,4.029897458345307881e-02
1.211382651281075029e+00,1.211382651281075029e+00,1.211382651281075029e+00,2.975903045644361811e+00,2.975903045644361811e+00,2.975903045644361811e+00,1.143694221841826897e+00,1.143694221841826897e+00,1.143694221841826897e+00,1.951844121160810075e-01
