-9.484377983133207124e+00,-9.484377983133207124e+00,-9.505636983873305468e+00,-9.507022423634424513e+00,-9.507022423634424513e+00,-9.507022423634424513e+00,-9.507022423634424513e+00,-9.507022423634424513e+00,-9.507353818517401578e+00,-9.507353910455497825e+00,-9.508157038532075944e+00
3.139428255724121541e-01,2.098839651994867106e-01,-5.521745262276252397e+00,-5.521745262276252397e+00,-5.844763543575711928e+00,-6.267960328818308113e+00,-6.267960328818308113e+00,-9.492028512869996604e+00,-9.492028512869996604e+00,-9.508282368361236081e+00,-9.508282368361236081e+00
7.099160431937878712e-02,8.516119203063610144e-04,8.516119203063610144e-04,8.516119203063610144e-04,8.516119203063610144e-04,8.516119203063610144e-04,-9.411154925776733293e+00,-9.506999871289444570e+00,-9.506999871289444570e+00,-9.506999871289444570e+00,-9.506999871289444570e+00
5.699968499068461814e-01,2.316261437437953097e-01,4.113726458736133296e-02,4.113726458736133296e-02,4.113726458736133296e-02,-4.159989626957855791e+00,-4.159989626957855791e+00,-9.483181870716073547e+00,-9.508070914651593597e+00,-9.508070955514888567e+00,-9.508070955514888567e+00
1.451253356575741282e-01,1.451253356575741282e-01,1.693390851155696097e-02,1.693390851155696097e-02,1.693390851155696097e-02,-9.147502087807016125e+00,-9.508343682729986313e+00,-9.508343682729986313e+00,-9.508343682729986313e+00,-9.508343682729986313e+00,-9.508343682729986313e+00
-9.507660774447057150e+00,-9.507660774447057150e+00,-9.507660774447057150e+00,-9.507660774447057150e+00,-9.507660774447057150e+00,-9.507660774447057150e+00,-9.507660774447057150e+00,-9.507660774447057150e+00,-9.507660774447057150e+00,-9.507660774447057150e+00,-9.507660774447057150e+00
2.710096980629872476e-02,2.710096980629872476e-02,2.710096980629872476e-02,-9.341823383516707935e+00,-9.508340081016211087e+00,-9.508340081016211087e+00,-9.508340081016211087e+00,-9.508340081016211087e+00,-9.508340081016211087e+00,-9.508340081016211087e+00,-9.508340081016211087e+00
9.039676083034597909e-02,-1.743187662936004134e+00,-1.743187662936004134e+00,-1.743187662936004134e+00,-1.743187662936004134e+00,-1.743187662936004134e+00,-1.743187662936004134e+00,-9.439926225004114713e+00,-9.507887017234574856e+00,-9.507887028643718708e+00,-9.508084811074260401e+00
-4.338613974687671515e+00,-4.338613974687671515e+00,-4.338613974687671515e+00,-4.338613974687671515e+00,-4.338613974687671515e+00,-4.338613974687671515e+00,-9.472543904572308548e+00,-9.508337624840121904e+00,-9.508337624840121904e+00,-9.508337624840121904e+00,-9.508337624840121904e+00
-6.214429736204019505e+00,-6.214429736204019505e+00,-6.214429736204019505e+00,-6.214429736204019505e+00,-6.214429736204019505e+00,-6.214429736204019505e+00,-9.505354833792299729e+00,-9.505354833792299729e+00,-9.508235041339794691e+00,-9.508235041339794691e+00,-9.508235041339794691e+00
1.011513496152209868e-01,1.011513496152209868e-01,1.011513496152209868e-01,1.011513496152209868e-01,1.011513496152209868e-01,1.011513496152209868e-01,3.593751454666893608e-04,-8.531422107453604298e+00,-9.298386252599701862e+00,-9.505305510706424599e+00,-9.508342873742494206e+00
-4.347125145900043286e+00,-4.347125145900043286e+00,-7.342823064558339219e+00,-8.748131800759169963e+00,-9.507655022120257371e+00,-9.507655022120257371e+00,-9.507655022120257371e+00,-9.507655022120257371e+00,-9.507655022120257371e+00,-9.507655022120257371e+00,-9.507655022120257371e+00
-1.035439039837604991e+00,-1.035439039837604991e+00,-6.080719828755050571e+00,-8.084212508287469845e+00,-9.507915137883010459e+00,-9.507915137883010459e+00,-9.507915137883010459e+00,-9.507915137883010459e+00,-9.507915137883010459e+00,-9.507915137883010459e+00,-9.507915137883010459e+00
-9.440168844732776066e+00,-9.440168844732776066e+00,-9.440168844732776066e+00,-9.440168844732776066e+00,-9.507046010776051048e+00,-9.507046010776051048e+00,-9.507046010776051048e+00,-9.507823518183929679e+00,-9.507823518183929679e+00,-9.507823518183929679e+00,-9.507907416636454556e+00
4.048463589304330812e-01,4.048463589304330812e-01,2.335775215280277983e-02,2.335775215280277983e-02,2.335775215280277983e-02,-3.173578034346576704e+00,-9.386171064768740635e+00,-9.386171064768740635e+00,-9.508040899835419779e+00,-9.508040919667404722e+00,-9.508049897257039973e+00
-2.769761307449636334e-01,-2.769761307449636334e-01,-2.769761307449636334e-01,-2.769761307449636334e-01,-3.749400766709331645e+00,-6.207996585508909426e+00,-7.882956140799410427e+00,-9.506993589737902539e+00,-9.506993589737902539e+00,-9.506993589737902539e+00,-9.506993589737902539e+00
-6.029483966614659352e+00,-7.951106674686586828e+00,-9.051067584694111545e+00,-9.405401401529683625e+00,-9.508296224980867350e+00,-9.508296224980867350e+00,-9.508296224980867350e+00,-9.508296224980867350e+00,-9.508296224980867350e+00,-9.508296224980867350e+00,-9.508296224980867350e+00
4.117824001374469356e-01,-4.023910577039877090e+00,-5.521745262276252397e+00,-7.412883967378910199e+00,-9.506406795836358725e+00,-9.506406795836358725e+00,-9.506663477427167663e+00,-9.507734329480079793e+00,-9.507734329480079793e+00,-9.507734329480079793e+00,-9.507907643870346703e+00
-9.122395061131509664e+00,-9.122395061131509664e+00,-9.474837440445124770e+00,-9.505297689492861579e+00,-9.508148353822384991e+00,-9.508148353822384991e+00,-9.508148353822384991e+00,-9.508148353822384991e+00,-9.508148353822384991e+00,-9.508148353822384991e+00,-9.508148353822384991e+00
2.916402423994644000e-01,7.291876326098578609e-02,1.693390851155696097e-02,1.693390851155696097e-02,1.693390851155696097e-02,-7.068748395721424771e+00,-9.386171064768740635e+00,-9.386171064768740635e+00,-9.508112990202368664e+00,-9.508113011372291368e+00,-9.508124989109411729e+00
-9.236685463170084986e+00,-9.390999054124980816e+00,-9.503951936471885631e+00,-9.507371141461895547e+00,-9.507371141461895547e+00,-9.507371141461895547e+00,-9.507371141461895547e+00,-9.507371141461895547e+00,-9.507371141461895547e+00,-9.507371141461895547e+00,-9.507485646143477354e+00
-7.874852486610766533e+00,-7.874852486610766533e+00,-9.148435149877718331e+00,-9.449031914595607873e+00,-9.508271205776225088e+00,-9.508271205776225088e+00,-9.508271205776225088e+00,-9.508307027771902398e+00,-9.508307042144799937e+00,-9.508307042144799937e+00,-9.508344398733068914e+00
-8.547509212352498054e+00,-8.547509212352498054e+00,-9.324113810092097054e+00,-9.478455918296212701e+00,-9.478455918296212701e+00,-9.478455918296212701e+00,-9.478455918296212701e+00,-9.507530086360871380e+00,-9.507891842700789908e+00,-9.507892348081822931e+00,-9.508161330871715222e+00
-5.128493574945644617e+00,-5.128493574945644617e+00,-9.072575808195672664e+00,-9.072575808195672664e+00,-9.508184510531357603e+00,-9.508184510531357603e+00,-9.508184510531357603e+00,-9.508293307441157083e+00,-9.508296794355281634e+00,-9.508296799101934482e+00,-9.508330244314972646e+00
-8.277487291688842674e+00,-8.277487291688842674e+00,-9.271753387078888409e+00,-9.469494082043551586e+00,-9.508350238968251489e+00,-9.508350238968251489e+00,-9.508350238968251489e+00,-9.508350238968251489e+00,-9.508350238968251489e+00,-9.508350238968251489e+00,-9.508350238968251489e+00
