2.000000000000000000e+01,2.000000000000000000e+01,2.000000000000000000e+01,1.999999999462687228e+01,1.999999999462687228e+01,1.999999999462687228e+01,1.999987944331497758e+01,1.999987944331497758e+01,3.910326796403237992e+00,2.282081360030027373e+00
2.000000000000000000e+01,1.999991224608284668e+01,2.000000000000000000e+01,7.819383628430887079e+00,7.819383628430887079e+00,7.819383628430887079e+00,1.876631011676038296e+00,1.876631011676038296e+00,2.169206859363642936e-01,7.332908541625948740e-02
2.000000000000000000e+01,2.000000000000000000e+01,2.000000000000000000e+01,1.999999999999999645e+01,2.000000000000000000e+01,3.666376211023127496e+00,1.999999999996510880e+01,1.999999999996510880e+01,1.999999999996510880e+01,2.125717628386570190e+00
2.000000000000000000e+01,2.000000000000000000e+01,8.941590217764249005e+00,2.000000000000000000e+01,1.999999987994051409e+01,3.299726950805736969e-02,9.968228743438860284e-02,9.968228743438860284e-02,9.968228743438860284e-02,3.512479022933148731e-02
2.000000000000000000e+01,1.999999679587327961e+01,2.000000000000000000e+01,6.811813740113035198e-01,6.811813740113035198e-01,6.811813740113035198e-01,3.022670678710026038e-01,3.022670678710026038e-01,3.022670678710026038e-01,1.335636943382677855e-01
2.000000000000000000e+01,2.000000000000000000e+01,2.000000000000000000e+01,1.999989923554990057e+01,1.999989923554990057e+01,1.999989923554990057e+01,7.990690935875675471e+00,7.990690935875675471e+00,7.990690935875675471e+00,3.162473101185754754e+00
2.000000000000000000e+01,2.000000000000000000e+01,8.449998211861380781e+00,1.096861993914452071e+01,1.096861993914452071e+01,1.096861993914452071e+01,4.097378649186146582e+00,4.097378649186146582e+00,2.981959726268087474e-01,7.905797098715773574e-02
2.000000000000000000e+01,2.000000000000000000e+01,1.999996074741768837e+01,5.550464359262447661e-03,5.550464359262447661e-03,5.550464359262447661e-03,3.927280772201353215e-02,3.927280772201353215e-02,3.927280772201353215e-02,4.619448178778372271e-02
2.000000000000000000e+01,5.251649759589992250e+00,1.999999999999971578e+01,5.109317570949462040e-01,5.109317570949462040e-01,2.848176670683006395e-01,4.060080680820241095e-01,4.060080680820241095e-01,4.060080680820241095e-01,2.329841200773127008e-01
2.000000000000000000e+01,2.000000000000000000e+01,2.000000000000000000e+01,1.260284642853531922e+00,3.689442076181722041e-01,3.689442076181722041e-01,2.710951713643577343e-01,2.710951713643577343e-01,2.710951713643577343e-01,1.745321870072824022e-01
2.000000000000000000e+01,2.000000000000000000e+01,1.999999573263895769e+01,8.302611980671337211e-02,8.302611980671337211e-02,8.302611980671337211e-02,3.830834132714349555e-02,3.830834132714349555e-02,3.830834132714349555e-02,2.070605948288311085e-02
1.999999999194811195e+01,1.999999999999814548e+01,1.999999999999814548e+01,2.517697841430754480e+00,1.103047740645580754e+00,5.405154704424599554e-01,1.389346042752948707e+00,1.389346042752948707e+00,1.389346042752948707e+00,2.246922233947865610e-01
2.000000000000000000e+01,3.989672904084619276e+00,2.000000000000000000e+01,1.538433987818213500e-01,1.538433987818213500e-01,1.538433987818213500e-01,1.744213566254672887e-01,1.744213566254672887e-01,1.744213566254672887e-01,1.641013643040951098e-01
1.999999999816706975e+01,1.999999999816706975e+01,1.999999999816706975e+01,1.999998832364862267e+01,2.316044257503790949e+00,2.316044257503790949e+00,9.446938456896063485e-01,9.446938456896063485e-01,9.446938456896063485e-01,4.603513265540163935e-01
2.000000000000000000e+01,2.000000000000000000e+01,5.013464984973362348e+00,1.999998428568211750e+01,1.999999999999992895e+01,1.636773410669134066e+00,5.876628343860994974e+00,5.876628343860994974e+00,5.876628343860994974e+00,4.730209265518098838e-01
1.999994351362433065e+01,1.999994351362433065e+01,1.999990011264084089e+01,1.204700012991794938e-01,1.204700012991794938e-01,1.204700012991794938e-01,2.544180812387736995e-02,2.544180812387736995e-02,2.544180812387736995e-02,4.027066486578404630e-02
2.000000000000000000e+01,1.999993453290412049e+01,1.999999999996358824e+01,2.270907893346039597e+00,1.074078336330020145e+00,1.074078336330020145e+00,4.341210965035017799e-01,4.341210965035017799e-01,4.341210965035017799e-01,2.088181018750814300e-01
1.999999999999731415e+01,1.999999999999731415e+01,1.999999995086659510e+01,2.000000000000000000e+01,3.795106878228814984e-01,3.795106878228814984e-01,9.751677143371285938e-02,9.751677143371285938e-02,9.751677143371285938e-02,1.251768413377886136e-01
1.999999999681091012e+01,1.999999999681091012e+01,1.999999999681091012e+01,2.000000000000000000e+01,4.477607222845846557e+00,4.477607222845846557e+00,3.481333616390585028e+00,3.481333616390585028e+00,3.481333616390585028e+00,1.262586103187011366e+00
1.999999999999932854e+01,1.999999999999932854e+01,1.999999990750747614e+01,3.029528557010087789e-02,3.029528557010087789e-02,3.029528557010087789e-02,1.837913382177236432e-02,1.837913382177236432e-02,1.837913382177236432e-02,5.367973281273351327e-02
2.000000000000000000e+01,2.000000000000000000e+01,1.999999587785895727e+01,1.999999999997806199e+01,1.999999999997806199e+01,1.999999999997806199e+01,3.988935631721466812e+00,3.988935631721466812e+00,3.988935631721466812e+00,1.886757769673257590e+00
1.999999991538316380e+01,1.999999991538316380e+01,2.133080987770542336e+00,9.182751451940884824e-01,9.182751451940884824e-01,9.182751451940884824e-01,6.553437515613396158e-01,6.553437515613396158e-01,6.553437515613396158e-01,1.889700140873459555e-01
1.999999999999993250e+01,1.999999999999663558e+01,1.999999999999663558e+01,5.773453136393803531e-01,5.773453136393803531e-01,5.773453136393803531e-01,2.379276715178683665e-01,2.379276715178683665e-01,2.379276715178683665e-01,8.267056402418927752e-02
1.999999140536559850e+01,1.999999140536559850e+01,1.999999948306395581e+01,2.000000000000000000e+01,3.889097688214459558e-01,3.889097688214459558e-01,3.957440733576320785e-02,3.957440733576320785e-02,3.957440733576320785e-02,1.539972215598436334e-01
1.999999998020266290e+01,1.999999998020266290e+01,1.999999998020266290e+01,8.865552983845702562e-01,8.865552983845702562e-01,8.865552983845702562e-01,4.059090697604181286e-01,4.059090697604181286e-01,4.059090697604181286e-01,9.080320024898527742e-02
