2.788549925295356890e-02,2.788549925295356890e-02,2.788549925295356890e-02,2.788549925295356890e-02,2.788549925295356890e-02,1.851841854522905811e-02,1.851841854522905811e-02,4.202740061205034912e-03,4.202740061205034912e-03,4.202740061205034912e-03,4.202740061205034912e-03
3.442413175490051103e-01,3.442413175490051103e-01,4.974831425684643482e-02,8.335852251710660493e-03,8.335852251710660493e-03,8.335852251710660493e-03,3.222781058345009208e-06,3.222781058345009208e-06,3.222781058345009208e-06,3.222781058345009208e-06,3.222781058345009208e-06
2.223412409594911487e+00,1.150111168224386748e+00,1.017210939726128638e+00,1.017210939726128638e+00,1.017210939726128638e+00,1.398244604787964029e-01,1.006536735708205288e-01,1.006536735708205288e-01,1.006536735708205288e-01,1.006536735708205288e-01,1.006536735708205288e-01
4.024919613514135186e-01,4.024919613514135186e-01,4.024919613514135186e-01,4.024919613514135186e-01,4.024919613514135186e-01,4.024919613514135186e-01,7.622254188676728069e-03,5.375553996676991084e-04,5.375553996676991084e-04,5.375553996676991084e-04,5.375553996676991084e-04
3.235998677499687393e+00,3.235998677499687393e+00,3.235998677499687393e+00,3.235998677499687393e+00,1.109054724742383202e+00,9.851802743620027281e-01,9.816130404736128634e-01,9.816130404736128634e-01,9.816130404736128634e-01,9.463551588097435241e-01,1.569128368982045663e-01
9.898658926219738863e-01,9.898658926219738863e-01,9.898658926219738863e-01,9.898658926219738863e-01,1.100548219315169857e-01,1.463331162390299825e-02,2.651727329033502258e-03,2.651727329033502258e-03,2.651727329033502258e-03,2.651727329033502258e-03,2.651727329033502258e-03
1.585199725277653071e+00,1.585199725277653071e+00,5.309746316606819283e-01,8.006713925516738273e-02,8.006713925516738273e-02,1.492983006396283660e-02,1.492983006396283660e-02,1.492983006396283660e-02,1.960302520384472332e-05,1.960302520384472332e-05,1.673766869414243283e-05
1.915535202356092870e-01,3.391798124952624671e-02,3.391798124952624671e-02,4.325141560009910201e-03,4.325141560009910201e-03,4.325141560009910201e-03,8.112797668718621982e-06,8.112797668718621982e-06,2.415865023668904345e-06,8.355641573371707727e-07,8.355641573371707727e-07
3.214612647115326106e-03,3.214612647115326106e-03,3.214612647115326106e-03,3.214612647115326106e-03,3.214612647115326106e-03,3.214612647115326106e-03,3.214612647115326106e-03,3.214612647115326106e-03,1.271753650824343669e-03,9.431075478952222419e-04,8.033983332527977342e-04
7.765354632926299572e-02,7.765354632926299572e-02,7.765354632926299572e-02,1.564287830325938877e-02,1.564287830325938877e-02,1.564287830325938877e-02,4.827973202349672660e-05,4.827973202349672660e-05,4.827973202349672660e-05,4.827973202349672660e-05,4.827973202349672660e-05
8.568798895289791995e-01,2.162199683884095253e-03,2.162199683884095253e-03,2.162199683884095253e-03,2.162199683884095253e-03,2.162199683884095253e-03,2.162199683884095253e-03,2.162199683884095253e-03,7.665175176266153783e-04,7.488290849245573047e-04,5.525195531374712784e-04
1.246109014340919252e+00,1.246109014340919252e+00,1.071072769718504736e+00,1.071072769718504736e+00,1.071072769718504736e+00,5.660105714413562472e-01,5.418232360296847128e-02,5.418232360296847128e-02,5.418232360296847128e-02,5.418232360296847128e-02,5.418232360296847128e-02
9.911907625475428751e-02,1.678525137901237460e-03,1.678525137901237460e-03,1.678525137901237460e-03,1.678525137901237460e-03,1.678525137901237460e-03,4.907099633432693395e-05,4.907099633432693395e-05,4.485789651127228736e-06,4.485789651127228736e-06,4.485789651127228736e-06
1.416475284779133148e-01,1.416475284779133148e-01,1.416475284779133148e-01,1.061712177948939033e-03,1.061712177948939033e-03,1.061712177948939033e-03,1.061712177948939033e-03,1.061712177948939033e-03,1.061712177948939033e-03,1.061712177948939033e-03,1.061712177948939033e-03
1.087844292337735830e+00,1.087844292337735830e+00,1.087844292337735830e+00,1.087844292337735830e+00,1.032434475336170498e+00,7.319130534918240338e-02,7.319130534918240338e-02,7.319130534918240338e-02,7.319130534918240338e-02,7.319130534918240338e-02,7.319130534918240338e-02
1.172262329391282387e+00,1.172262329391282387e+00,1.160528436454977941e+00,1.160528436454977941e+00,1.160528436454977941e+00,4.218763716490444571e-01,3.622278423597675642e-03,3.622278423597675642e-03,3.622278423597675642e-03,3.622278423597675642e-03,3.622278423597675642e-03
1.473853252048231699e+00,1.279147011147269364e+00,1.108634119922908834e+00,7.435583013443451961e-01,4.307437425243169568e-03,4.307437425243169568e-03,4.307437425243169568e-03,4.307437425243169568e-03,4.307437425243169568e-03,4.307437425243169568e-03,4.307437425243169568e-03
3.060720996041749409e+00,1.904223847364156175e+00,1.152026821905492326e+00,9.913507541116276522e-01,9.913507541116276522e-01,9.913507541116276522e-01,2.354589002149431731e-01,1.252435175945262325e-01,1.914360136095211856e-04,1.914360136095211856e-04,1.914360136095211856e-04
1.187757977789865915e+00,1.002950313267215066e+00,4.911179910701649609e-01,1.554641569006209867e-01,1.554641569006209867e-01,1.554641569006209867e-01,1.554641569006209867e-01,1.690281248349154684e-03,1.690281248349154684e-03,1.690281248349154684e-03,1.690281248349154684e-03
9.794026688410764070e-01,9.794026688410764070e-01,9.794026688410764070e-01,9.794026688410764070e-01,9.794026688410764070e-01,6.480024045294523471e-01,1.021673502227349144e-02,1.021673502227349144e-02,1.021673502227349144e-02,1.021673502227349144e-02,1.021673502227349144e-02
7.406474176364397088e-01,4.267256583342140530e-01,9.902934319436543231e-02,6.402078818352589535e-04,6.402078818352589535e-04,6.402078818352589535e-04,6.402078818352589535e-04,6.402078818352589535e-04,6.402078818352589535e-04,6.402078818352589535e-04,6.402078818352589535e-04
3.094985631967597239e-01,3.094985631967597239e-01,3.094985631967597239e-01,3.094985631967597239e-01,1.985380749516285105e-04,1.985380749516285105e-04,1.985380749516285105e-04,1.985380749516285105e-04,1.985380749516285105e-04,1.985380749516285105e-04,1.985380749516285105e-04
1.164644401754790226e-01,1.085394794107465005e-01,9.557946421688168215e-02,9.557946421688168215e-02,1.309047561718080718e-02,1.309047561718080718e-02,1.309047561718080718e-02,1.309047561718080718e-02,1.309047561718080718e-02,1.309047561718080718e-02,1.309047561718080718e-02
1.529853227795504367e+00,1.529853227795504367e+00,1.529853227795504367e+00,1.021688262018553228e+00,1.021688262018553228e+00,3.469702041245655844e-01,4.062895830421350135e-02,4.062895830421350135e-02,4.062895830421350135e-02,4.062895830421350135e-02,4.062895830421350135e-02
3.994351277004993817e-01,3.994351277004993817e-01,3.994351277004993817e-01,3.994351277004993817e-01,3.038351761148229413e-03,3.038351761148229413e-03,3.038351761148229413e-03,3.038351761148229413e-03,3.038351761148229413e-03,3.038351761148229413e-03,2.006583653688691002e-03
