2.788549925295356890e-02,2.788549925295356890e-02,4.012884088277176783e-03,4.012884088277176783e-03,4.012884088277176783e-03,2.081903775432060975e-03,2.081903775432060975e-03,2.081903775432060975e-03,2.081903775432060975e-03,2.081903775432060975e-03,2.081903775432060975e-03
3.442413175490051103e-01,3.825570315242593890e-04,3.825570315242593890e-04,3.825570315242593890e-04,1.634316884770661165e-04,1.634316884770661165e-04,1.634316884770661165e-04,1.634316884770661165e-04,1.634316884770661165e-04,1.634316884770661165e-04,1.634316884770661165e-04
2.223412409594911487e+00,1.219011459840081413e+00,9.872341772761462630e-01,9.872341772761462630e-01,9.402906143614720991e-01,4.285624782243414588e-01,1.636983243726183590e-01,7.616272089667483827e-03,7.616272089667483827e-03,7.616272089667483827e-03,7.616272089667483827e-03
4.024919613514135186e-01,4.024919613514135186e-01,4.024919613514135186e-01,4.024919613514135186e-01,2.502285322321970429e-02,4.619582281677166516e-03,4.619582281677166516e-03,4.619582281677166516e-03,4.619582281677166516e-03,4.619582281677166516e-03,4.619582281677166516e-03
3.235998677499687393e+00,3.226963506862965847e+00,3.226963506862965847e+00,3.226963506862965847e+00,3.226963506862965847e+00,3.222570065212855717e+00,1.025668520590536925e+00,1.025668520590536925e+00,9.932612359695363047e-01,6.060722532726385836e-01,6.060722532726385836e-01
9.898658926219738863e-01,9.898658926219738863e-01,9.898658926219738863e-01,9.898658926219738863e-01,5.820576134139286983e-01,3.767486606132313121e-01,1.833738365311401719e-01,3.618016667083864824e-02,2.714555657938004648e-04,2.714555657938004648e-04,2.714555657938004648e-04
1.585199725277653071e+00,1.585199725277653071e+00,6.203708162158949602e-01,1.874209627401975387e-01,1.874209627401975387e-01,2.279759730264134879e-02,2.279759730264134879e-02,2.279759730264134879e-02,5.161383353968134418e-06,5.161383353968134418e-06,5.161383353968134418e-06
1.915535202356092870e-01,1.915535202356092870e-01,1.492079193473734057e-02,1.492079193473734057e-02,1.492079193473734057e-02,1.106262282027891276e-03,1.106262282027891276e-03,1.106262282027891276e-03,1.106262282027891276e-03,1.106262282027891276e-03,1.106262282027891276e-03
3.214612647115326106e-03,3.214612647115326106e-03,3.214612647115326106e-03,3.214612647115326106e-03,6.189220228843705538e-04,6.189220228843705538e-04,6.189220228843705538e-04,6.189220228843705538e-04,6.189220228843705538e-04,6.189220228843705538e-04,6.189220228843705538e-04
7.765354632926299572e-02,6.977235092260865648e-03,6.977235092260865648e-03,6.977235092260865648e-03,6.977235092260865648e-03,4.886307874543245437e-03,4.886307874543245437e-03,4.886307874543245437e-03,4.768137070929757818e-04,4.768137070929757818e-04,4.768137070929757818e-04
8.568798895289791995e-01,4.704157517465985539e-01,2.231957852897070715e-01,3.906712536127940338e-02,3.906712536127940338e-02,3.165894051279621001e-03,3.165894051279621001e-03,3.165894051279621001e-03,3.165894051279621001e-03,3.165894051279621001e-03,3.165894051279621001e-03
1.246109014340919252e+00,1.246109014340919252e+00,1.246109014340919252e+00,9.753275254323890975e-01,3.759014623963689017e-01,1.203648041455783191e-01,8.642797199581265383e-03,8.642797199581265383e-03,8.642797199581265383e-03,8.642797199581265383e-03,8.642797199581265383e-03
9.911907625475428751e-02,7.197710875837700500e-03,7.197710875837700500e-03,4.209212389771608588e-04,2.324427699532111006e-04,2.324427699532111006e-04,2.324427699532111006e-04,2.324427699532111006e-04,2.324427699532111006e-04,2.324427699532111006e-04,2.324427699532111006e-04
1.416475284779133148e-01,7.992155664852000629e-02,4.061589533809156771e-02,4.061589533809156771e-02,3.929123622134899772e-04,3.929123622134899772e-04,3.929123622134899772e-04,3.929123622134899772e-04,3.929123622134899772e-04,3.929123622134899772e-04,3.929123622134899772e-04
1.087844292337735830e+00,1.087844292337735830e+00,1.087844292337735830e+00,3.537754141186388313e-01,5.045729312430644042e-02,1.071730335445462805e-02,1.071730335445462805e-02,1.071730335445462805e-02,2.120834232773621711e-04,2.120834232773621711e-04,2.120834232773621711e-04
1.172262329391282387e+00,1.154994239816238499e+00,1.154994239816238499e+00,1.125659322004436191e+00,1.125659322004436191e+00,3.102971976123532483e-01,8.498310965573023512e-02,2.498994899438147267e-03,2.498994899438147267e-03,2.498994899438147267e-03,2.498994899438147267e-03
1.473853252048231699e+00,1.473853252048231699e+00,1.473853252048231699e+00,1.393022642752396401e+00,1.245467596428876389e-01,1.245467596428876389e-01,1.245467596428876389e-01,8.679215057520848001e-03,8.679215057520848001e-03,8.679215057520848001e-03,8.679215057520848001e-03
3.060720996041749409e+00,3.060720996041749409e+00,1.051657847511421773e+00,1.051657847511421773e+00,9.795814789295692604e-01,9.795814789295692604e-01,8.937826089998632817e-01,2.075413179895776727e-01,3.851376136175670151e-02,3.851376136175670151e-02,7.465489087846767659e-06
1.187757977789865915e+00,1.187757977789865915e+00,2.871676756861149538e-01,2.046166540159596869e-02,2.046166540159596869e-02,2.046166540159596869e-02,2.046166540159596869e-02,2.046166540159596869e-02,5.709446106143939957e-04,5.709446106143939957e-04,5.709446106143939957e-04
9.794026688410764070e-01,9.794026688410764070e-01,9.794026688410764070e-01,9.794026688410764070e-01,9.794026688410764070e-01,4.506696704307600054e-01,1.674026415282126590e-01,4.118713489080461781e-02,4.722065577009655125e-04,4.722065577009655125e-04,4.722065577009655125e-04
7.406474176364397088e-01,3.825570315242593890e-04,3.825570315242593890e-04,3.825570315242593890e-04,3.825570315242593890e-04,3.825570315242593890e-04,3.825570315242593890e-04,3.825570315242593890e-04,3.825570315242593890e-04,3.825570315242593890e-04,3.825570315242593890e-04
3.094985631967597239e-01,1.579851638988819928e-03,1.579851638988819928e-03,1.579851638988819928e-03,1.579851638988819928e-03,1.579851638988819928e-03,1.579851638988819928e-03,1.579851638988819928e-03,1.471026927798184858e-04,1.471026927798184858e-04,1.471026927798184858e-04
1.164644401754790226e-01,1.127855566625362849e-01,1.127855566625362849e-01,1.081398252379522501e-01,7.313307694548755976e-03,7.313307694548755976e-03,7.313307694548755976e-03,7.313307694548755976e-03,4.782967636614384874e-06,4.782967636614384874e-06,4.782967636614384874e-06
1.529853227795504367e+00,1.475605236985027213e+00,1.475605236985027213e+00,1.458967270073650013e+00,1.171860376673830473e+00,5.732531464592967307e-02,1.219382212719147957e-02,1.219382212719147957e-02,8.642627976315033541e-04,8.642627976315033541e-04,8.642627976315033541e-04
3.994351277004993817e-01,2.314840432358300157e-02,4.220933403373411559e-03,4.220933403373411559e-03,3.083929005687686443e-03,3.083929005687686443e-03,2.147408574200016483e-03,2.147408574200016483e-03,1.447554258264056976e-05,1.447554258264056976e-05,1.447554258264056976e-05
