2.788549925295356890e-02,2.788549925295356890e-02,2.788549925295356890e-02,2.788549925295356890e-02,2.788549925295356890e-02,2.788549925295356890e-02,2.788549925295356890e-02,2.788549925295356890e-02,2.788549925295356890e-02,2.788549925295356890e-02,2.788549925295356890e-02
3.442413175490051103e-01,3.442413175490051103e-01,3.442413175490051103e-01,3.442413175490051103e-01,3.442413175490051103e-01,3.442413175490051103e-01,2.063050877541394712e-01,2.063050877541394712e-01,2.063050877541394712e-01,2.063050877541394712e-01,2.063050877541394712e-01
2.223412409594911487e+00,2.223412409594911487e+00,2.223412409594911487e+00,1.037380605330577410e+00,1.037380605330577410e+00,2.063050877541394712e-01,2.063050877541394712e-01,2.063050877541394712e-01,2.063050877541394712e-01,2.063050877541394712e-01,2.063050877541394712e-01
4.024919613514135186e-01,4.024919613514135186e-01,4.024919613514135186e-01,4.024919613514135186e-01,2.063050877541394712e-01,2.063050877541394712e-01,2.063050877541394712e-01,2.063050877541394712e-01,2.063050877541394712e-01,2.063050877541394712e-01,2.063050877541394712e-01
3.235998677499687393e+00,1.037380605330577410e+00,1.037380605330577410e+00,2.063050877541394712e-01,2.063050877541394712e-01,2.063050877541394712e-01,2.063050877541394712e-01,2.063050877541394712e-01,2.063050877541394712e-01,2.063050877541394712e-01,2.063050877541394712e-01
9.898658926219738863e-01,9.898658926219738863e-01,2.063050877541394712e-01,2.063050877541394712e-01,2.063050877541394712e-01,2.063050877541394712e-01,2.063050877541394712e-01,2.063050877541394712e-01,2.063050877541394712e-01,2.063050877541394712e-01,9.656749946414206615e-03
1.585199725277653071e+00,2.063050877541394712e-01,2.063050877541394712e-01,2.063050877541394712e-01,2.063050877541394712e-01,2.063050877541394712e-01,2.063050877541394712e-01,2.063050877541394712e-01,2.063050877541394712e-01,9.656749946414206615e-03,9.656749946414206615e-03
1.915535202356092870e-01,1.915535202356092870e-01,1.915535202356092870e-01,1.915535202356092870e-01,1.915535202356092870e-01,1.915535202356092870e-01,1.915535202356092870e-01,1.915535202356092870e-01,9.656749946414206615e-03,9.656749946414206615e-03,9.656749946414206615e-03
3.214612647115326106e-03,3.214612647115326106e-03,3.214612647115326106e-03,3.214612647115326106e-03,3.214612647115326106e-03,3.214612647115326106e-03,3.214612647115326106e-03,3.214612647115326106e-03,3.214612647115326106e-03,3.214612647115326106e-03,3.214612647115326106e-03
7.765354632926299572e-02,7.765354632926299572e-02,7.765354632926299572e-02,7.765354632926299572e-02,7.765354632926299572e-02,7.765354632926299572e-02,9.656749946414206615e-03,9.656749946414206615e-03,9.656749946414206615e-03,9.656749946414206615e-03,9.656749946414206615e-03
8.568798895289791995e-01,8.568798895289791995e-01,8.568798895289791995e-01,8.568798895289791995e-01,8.568798895289791995e-01,9.656749946414206615e-03,9.656749946414206615e-03,9.656749946414206615e-03,9.656749946414206615e-03,9.656749946414206615e-03,9.656749946414206615e-03
1.246109014340919252e+00,1.246109014340919252e+00,1.246109014340919252e+00,1.094794747765043041e+00,9.656749946414206615e-03,9.656749946414206615e-03,9.656749946414206615e-03,9.656749946414206615e-03,9.656749946414206615e-03,9.656749946414206615e-03,9.656749946414206615e-03
9.911907625475428751e-02,9.911907625475428751e-02,9.911907625475428751e-02,9.656749946414206615e-03,9.656749946414206615e-03,9.656749946414206615e-03,9.656749946414206615e-03,9.656749946414206615e-03,9.656749946414206615e-03,9.656749946414206615e-03,9.656749946414206615e-03
1.416475284779133148e-01,1.416475284779133148e-01,9.656749946414206615e-03,9.656749946414206615e-03,9.656749946414206615e-03,9.656749946414206615e-03,9.656749946414206615e-03,9.656749946414206615e-03,9.656749946414206615e-03,9.656749946414206615e-03,9.656749946414206615e-03
1.087844292337735830e+00,9.656749946414206615e-03,9.656749946414206615e-03,9.656749946414206615e-03,9.656749946414206615e-03,9.656749946414206615e-03,9.656749946414206615e-03,9.656749946414206615e-03,9.656749946414206615e-03,9.656749946414206615e-03,9.656749946414206615e-03
1.172262329391282387e+00,1.172262329391282387e+00,1.172262329391282387e+00,1.077376387267477087e+00,1.077376387267477087e+00,9.899630191174439986e-01,7.899056452168036202e-01,7.899056452168036202e-01,7.899056452168036202e-01,7.899056452168036202e-01,7.899056452168036202e-01
1.473853252048231699e+00,1.473853252048231699e+00,1.077376387267477087e+00,1.077376387267477087e+00,9.899630191174439986e-01,7.899056452168036202e-01,7.899056452168036202e-01,7.899056452168036202e-01,7.899056452168036202e-01,7.899056452168036202e-01,7.899056452168036202e-01
3.060720996041749409e+00,1.077376387267477087e+00,1.077376387267477087e+00,9.899630191174439986e-01,7.899056452168036202e-01,7.899056452168036202e-01,7.899056452168036202e-01,7.899056452168036202e-01,7.899056452168036202e-01,7.899056452168036202e-01,7.899056452168036202e-01
1.187757977789865915e+00,1.187757977789865915e+00,9.899630191174439986e-01,7.899056452168036202e-01,7.899056452168036202e-01,7.899056452168036202e-01,7.899056452168036202e-01,7.899056452168036202e-01,7.899056452168036202e-01,7.899056452168036202e-01,7.899056452168036202e-01
9.794026688410764070e-01,9.794026688410764070e-01,7.899056452168036202e-01,7.899056452168036202e-01,7.899056452168036202e-01,7.899056452168036202e-01,7.899056452168036202e-01,7.899056452168036202e-01,7.899056452168036202e-01,7.899056452168036202e-01,7.899056452168036202e-01
7.406474176364397088e-01,7.406474176364397088e-01,7.406474176364397088e-01,7.406474176364397088e-01,7.406474176364397088e-01,7.406474176364397088e-01,7.406474176364397088e-01,7.406474176364397088e-01,7.406474176364397088e-01,7.406474176364397088e-01,7.406474176364397088e-01
3.094985631967597239e-01,3.094985631967597239e-01,3.094985631967597239e-01,3.094985631967597239e-01,3.094985631967597239e-01,3.094985631967597239e-01,3.094985631967597239e-01,3.094985631967597239e-01,3.094985631967597239e-01,3.094985631967597239e-01,3.094985631967597239e-01
1.164644401754790226e-01,1.164644401754790226e-01,1.164644401754790226e-01,1.164644401754790226e-01,1.164644401754790226e-01,1.164644401754790226e-01,1.164644401754790226e-01,1.164644401754790226e-01,1.164644401754790226e-01,1.164644401754790226e-01,1.164644401754790226e-01
1.529853227795504367e+00,1.428336986858930402e+00,1.428336986858930402e+00,1.428336986858930402e+00,1.253929897254558723e+00,1.253929897254558723e+00,1.253929897254558723e+00,1.253929897254558723e+00,1.253929897254558723e+00,1.253929897254558723e+00,1.253929897254558723e+00
3.994351277004993817e-01,3.994351277004993817e-01,3.994351277004993817e-01,3.994351277004993817e-01,3.994351277004993817e-01,3.994351277004993817e-01,3.994351277004993817e-01,3.994351277004993817e-01,3.994351277004993817e-01,3.994351277004993817e-01,3.994351277004993817e-01
