2.788138655506282315e-02,2.788138655506282315e-02,2.788138655506282315e-02,-6.649474784750350476e-03,-6.649474784750350476e-03,-6.649474784750350476e-03,-1.737766661343426167e-01,-1.737766661343426167e-01,-1.737766661343426167e-01,-1.012355297431493328e+00
3.442397894982814899e-01,3.810289808391931210e-04,3.810289808391931210e-04,3.435973007515448268e-04,-3.548973181831698758e-04,-3.548973181831698758e-04,-8.680324877546954920e-04,-8.680324877546954920e-04,-8.680324877546954920e-04,-9.748304860315787964e-04
2.223410328469954234e+00,2.223410328469954234e+00,1.021017303285112865e+00,9.856199620162432451e-01,-1.167151416646935225e+00,-1.167151416646935225e+00,-5.652826089338467419e+00,-5.652826089338467419e+00,-5.652826089338467419e+00,-1.387826891058195233e+00
4.024883372238948764e-01,3.789329040055910980e-04,3.789329040055910980e-04,3.489105626399984666e-04,-3.652122645886131305e-04,-3.652122645886131305e-04,-9.053636013762778349e-04,-9.053636013762778349e-04,-9.053636013762778349e-04,-1.004395312846420585e-03
3.235997538435068765e+00,3.221675958662431505e+00,1.524153650091803591e+00,1.341640517609186123e+00,1.015271276493993513e+00,-3.977987812196563944e-01,-1.262825169245843648e+00,-1.262825169245843648e+00,-1.262825169245843648e+00,-1.225854272932881850e+00
9.898647923614558586e-01,9.898647923614558586e-01,9.858262736218810218e-01,9.858265225442606194e-01,9.804887049171578939e-01,9.804887049171578939e-01,8.789326344471840580e-01,5.762727157818174906e-01,-1.542367605044940637e+00,-3.974764455731985557e-03
1.585198620519836510e+00,1.021765217476583221e+00,1.021765217476583221e+00,4.850511771866339306e-02,4.850511771866339306e-02,2.369903788701499536e-03,-2.287099317101713714e-01,-2.287099317101713714e-01,-2.287099317101713714e-01,-2.594009963180762268e-01
1.915503890263717257e-01,1.862553034174069810e-01,1.541314133144672804e-01,1.236571304776491326e-01,2.132326415799648545e-02,-2.012754720845745526e-02,-6.800240165436022277e-02,-6.800240165436022277e-02,-6.800240165436022277e-02,-1.147597159549237633e-01
3.212123876522196293e-03,3.212123876522196293e-03,3.212123876522196293e-03,3.212465450079992225e-03,3.212465450079992225e-03,3.212465450079992225e-03,-2.018481241348290059e-02,-2.018481241348290059e-02,-2.018481241348290059e-02,-2.751121251041671600e-02
7.765023556854427911e-02,7.765023556854427911e-02,7.409359610494395398e-02,1.544831836233735711e-02,-2.645218636929398681e-02,-2.645218636929398681e-02,-2.871071040043622624e-02,-2.871071040043622624e-02,-2.871071040043622624e-02,-3.231020058450576049e-01
8.568787393265953067e-01,8.568787393265953067e-01,8.568787393265953067e-01,5.301831298821553240e-01,-8.509304314385360835e-01,-8.509304314385360835e-01,-5.546112238274414352e-01,-5.546112238274414352e-01,-5.546112238274414352e-01,-2.516097911224058681e+00
1.246107263812380683e+00,1.246107263812380683e+00,1.047688650772971686e+00,4.775942407910940823e-01,-2.596872596226002639e+00,-2.596872596226002639e+00,-1.324483911694518179e+00,-1.324483911694518179e+00,-1.324483911694518179e+00,-1.145295870551863437e+00
9.911648005219393653e-02,9.522184249474516249e-02,9.522184249474516249e-02,7.069049163865206986e-02,-1.153602787195932844e-02,-1.153602787195932844e-02,-3.294939746089833171e-02,-3.294939746089833171e-02,-3.294939746089833171e-02,-1.917173750295966261e-01
1.416457533249429190e-01,1.309434196899803560e-01,7.720038071843891847e-02,-1.615786488554508959e-02,-1.615786488554508959e-02,-1.615786488554508959e-02,2.020113311090170755e-02,2.020113311090170755e-02,2.020113311090170755e-02,-1.531934249404639237e-01
1.087840210979190037e+00,1.021762240872842620e+00,1.021762240872842620e+00,1.021762926873241328e+00,9.804101128893406569e-01,9.804101128893406569e-01,8.054716933343738505e-01,8.054716933343738505e-01,8.054716933343738505e-01,4.073693930339026825e-01
1.172260336538339276e+00,1.164266444906860487e+00,1.164266444906860487e+00,1.110527897873519132e+00,9.163016418548859399e-01,9.163016418548859399e-01,9.831619347335853742e-01,9.831619347335853742e-01,8.341272648109638865e-01,7.768377355667352990e-01
1.473852042817753061e+00,1.454188381727297585e+00,1.407627634525738802e+00,1.321159288478935823e+00,1.172502226266036729e+00,9.393676860803368278e-02,-7.809287636564149482e-01,-7.809287636564149482e-01,-7.809287636564149482e-01,-5.661619402425499548e-01
3.060718777341343788e+00,2.719579772347967772e+00,2.167494802623113337e+00,3.375670226702702781e-01,3.375670226702702781e-01,3.375670226702702781e-01,-1.161528290332451974e+00,-1.161528290332451974e+00,-1.161528290332451974e+00,-9.158033344928989683e-01
1.187754883165873743e+00,1.187754883165873743e+00,1.187754883165873743e+00,1.140409127780898313e+00,9.916066160755664383e-01,3.033005960529072675e-01,-3.443257084456988748e-01,-3.443257084456988748e-01,-3.443257084456988748e-01,-5.945416766740770909e-01
9.793993490928787349e-01,9.793993490928787349e-01,4.081991516920199237e-01,8.006411619309443395e-02,8.006411619309443395e-02,8.006411619309443395e-02,-1.495415760564453578e-01,-1.495415760564453578e-01,-1.495415760564453578e-01,-3.303895244185711122e-01
7.406457817069791449e-01,3.809211020637803813e-04,3.809211020637803813e-04,1.756913339543800820e-04,-2.109042002004433937e-04,-2.109042002004433937e-04,-4.889883542222452735e-04,-4.889883542222452735e-04,-4.889883542222452735e-04,-6.126139784144122311e-04
3.094944371933398553e-01,2.147916076369285610e-01,2.147916076369285610e-01,1.828355061344313359e-01,-6.663557153608343220e-02,-6.663557153608343220e-02,-3.397952711091922762e-01,-3.397952711091922762e-01,-3.397952711091922762e-01,-7.623837249929903415e-01
1.164639524457203035e-01,1.123654352475389889e-01,1.123654352475389889e-01,8.301802222484401528e-02,-3.022081673063677087e-02,-3.022081673063677087e-02,-1.031591825464755474e-01,-1.031591825464755474e-01,-1.031591825464755474e-01,-8.994225948114846492e-02
1.529852233427562824e+00,1.491012032850535629e+00,1.394893818170971356e+00,1.057179394117467863e+00,9.122206772939502883e-01,9.122206772939502883e-01,-4.646964799418173975e-01,-4.646964799418173975e-01,-4.646964799418173975e-01,-1.636784206447046142e-01
3.994321218321276734e-01,3.795511631525250174e-04,3.795511631525250174e-04,3.466676154099591510e-04,-3.576767607464412333e-04,-3.576767607464412333e-04,-6.977766233114131127e-04,-6.977766233114131127e-04,-6.977766233114131127e-04,-9.280853749372821107e-04
