2.520148837300470110e-02,2.520148837300470110e-02,-3.094153716254661318e-02,3.956159418990310220e-03,3.956159418990310220e-03,-8.540652557674541234e-03,-1.267578856529381348e-01,-1.267578856529381348e-01,-1.267578856529381348e-01,-1.541530688755112510e-01
3.442397894982814899e-01,-1.020403695654131804e-02,-1.020403695654131804e-02,3.809095806335919556e-04,1.617842374933601776e-04,1.617842374933601776e-04,1.613958382261890842e-04,1.613958382261890842e-04,1.613958382261890842e-04,-2.341034458348150715e-01
1.313629803734555068e-01,1.313629803734555068e-01,1.313629803734555068e-01,6.430207687484146284e-03,6.430207687484146284e-03,6.430207687484146284e-03,-1.361359468743403023e-01,-1.361359468743403023e-01,-1.361359468743403023e-01,-3.574047426009283046e-01
6.644312221950754438e-02,6.644312221950754438e-02,6.644312221950754438e-02,6.812419167930167108e-02,-1.182078082941804276e-01,-1.182078082941804276e-01,-2.804885576879587866e-02,-2.804885576879587866e-02,-2.804885576879587866e-02,-3.744392345144088585e-01
1.858286271877029883e-01,1.858286271877029883e-01,1.858286271877029883e-01,3.197569118750484218e+00,3.197569118750484218e+00,3.197569118750484218e+00,4.706346606771805163e-02,4.706346606771805163e-02,4.706346606771805163e-02,8.266834079282570080e-02
1.634392385060250419e-01,1.634392385060250419e-01,1.634392385060250419e-01,2.123287597823745321e-01,2.123287597823745321e-01,2.123287597823745321e-01,-3.021636909926581627e-01,-3.021636909926581627e-01,-3.021636909926581627e-01,-4.832333761121568316e-01
6.120673053187775103e-02,6.120673053187775103e-02,6.120673053187775103e-02,-1.187338023785329266e-01,-1.187338023785329266e-01,-1.187338023785329266e-01,-1.418010486628955391e+01,-1.418010486628955391e+01,-1.418010486628955391e+01,-1.337965977033634957e+00
4.258530235690674570e-02,4.258530235690674570e-02,-8.166181040592535023e-02,5.347961858489210310e-03,5.347961858489210310e-03,-5.470528413637280180e-02,-2.465863077083524368e-01,-2.465863077083524368e-01,-2.465863077083524368e-01,-4.029518788441775468e-01
3.172921123019316510e-03,3.172921123019316510e-03,3.172921123019316510e-03,3.040989521652018909e-03,4.494678926625400757e-04,4.494678926625400757e-04,-5.987719564732098265e-02,-5.987719564732098265e-02,-5.987719564732098265e-02,-3.233001817858428550e-01
3.995935197219445401e-02,-4.483433711661344301e-01,-4.483433711661344301e-01,6.056188930990057291e-03,6.056188930990057291e-03,-1.666252502938881525e-02,-7.801640365756195607e-03,-7.801640365756195607e-03,-7.801640365756195607e-03,-6.116843205635773967e-02
5.960888714440348846e-02,5.960888714440348846e-02,5.960888714440348846e-02,-1.582884731624621677e-01,-1.582884731624621677e-01,-1.582884731624621677e-01,-5.553826304140804249e-01,-5.553826304140804249e-01,-5.553826304140804249e-01,-6.993414391264269891e-01
1.414919022544538496e-01,1.414919022544538496e-01,1.414919022544538496e-01,1.619300556566793947e-01,1.619300556566793947e-01,-1.554173487285817501e+00,-2.990614962859805895e-02,-2.990614962859805895e-02,-2.990614962859805895e-02,-5.143095927480181295e-01
4.011393150271289065e-02,5.659194236262293787e-03,5.659194236262293787e-03,4.192702492761126798e-04,2.033536125445106410e-04,2.033536125445106410e-04,-3.155587456950961767e-02,-3.155587456950961767e-02,-3.155587456950961767e-02,-5.963145175132539277e-02
4.162450414889913575e-02,4.162450414889913575e-02,-8.061576289102148629e-02,-1.880631765261493171e-01,-1.880631765261493171e-01,-1.880631765261493171e-01,-2.261436951567912523e-01,-2.261436951567912523e-01,-2.261436951567912523e-01,-2.587753255846483302e-01
8.549409781354322391e-02,8.549409781354322391e-02,8.549409781354322391e-02,4.202575688780035845e-02,4.202575688780035845e-02,-1.018168755943049675e-02,-1.082979549664565833e-01,-1.082979549664565833e-01,-1.082979549664565833e-01,-3.200924040733248432e-01
1.345583725368961758e-01,1.345583725368961758e-01,1.345583725368961758e-01,2.350765256945969162e-01,2.350765256945969162e-01,2.350765256945969162e-01,-1.082390069440067187e-01,-1.082390069440067187e-01,-1.082390069440067187e-01,-1.618555612998713045e+01
1.666382154506962365e-01,1.666382154506962365e-01,1.666382154506962365e-01,5.145939147449740680e-02,5.145939147449740680e-02,5.145939147449740680e-02,-3.984789242592043923e-01,-3.984789242592043923e-01,-3.984789242592043923e-01,-5.046345929763626614e+00
9.163787812447932168e-02,9.163787812447932168e-02,9.163787812447932168e-02,2.355825637670294626e-02,2.355825637670294626e-02,2.355825637670294626e-02,5.041131374300955592e-03,5.041131374300955592e-03,5.041131374300955592e-03,-3.354658823671139434e-01
4.921298360693393548e-02,4.921298360693393548e-02,4.921298360693393548e-02,-4.338812630586562635e-01,-4.338812630586562635e-01,-4.338812630586562635e-01,-5.953551999727611843e+00,-5.953551999727611843e+00,-5.953551999727611843e+00,-2.187800594154916567e+00
6.718917523520162582e-02,6.718917523520162582e-02,6.718917523520162582e-02,1.108610467979731506e-01,1.108610467979731506e-01,1.108610467979731506e-01,-2.806757016700096030e-01,-2.806757016700096030e-01,-2.806757016700096030e-01,-5.421317255703844706e-01
7.406457817069791449e-01,2.342407254728451349e-04,2.342407254728451349e-04,3.806422409521998079e-04,3.806422409521998079e-04,3.806422409521998079e-04,-9.108394630667362643e-03,-9.108394630667362643e-03,-9.108394630667362643e-03,-1.020087505445054360e-01
4.654739067830737653e-02,-2.414954066034535884e-03,-2.414954066034535884e-03,1.568006702894202955e-03,1.568006702894202955e-03,1.568006702894202955e-03,-3.079482160435561677e-03,-3.079482160435561677e-03,-3.079482160435561677e-03,-1.703465038498203077e-02
1.164639524457203035e-01,1.123602205342104227e-01,1.123602205342104227e-01,-1.668996435807947321e-01,-1.668996435807947321e-01,-1.668996435807947321e-01,-1.149703406195342129e-02,-1.149703406195342129e-02,-1.149703406195342129e-02,-1.425889985202455079e-01
1.765482966897111705e-01,1.765482966897111705e-01,1.765482966897111705e-01,2.173606786239297151e-01,2.173606786239297151e-01,-4.802039023849438149e-01,-2.533505742216010659e-02,-2.533505742216010659e-02,-2.533505742216010659e-02,-4.903188162692220797e-01
3.851427001519369675e-02,-2.526230206165869241e-02,-2.526230206165869241e-02,4.029960480328756769e-03,2.819016686672659849e-03,2.819016686672659849e-03,-4.721043152396572212e-03,-4.721043152396572212e-03,-4.721043152396572212e-03,-2.986607791837037409e-02
