2.788549925295356890e-02,2.788549925295356890e-02,2.788549925295356890e-02,4.290140530239778746e-03,9.857230206757554004e-06,9.857230206757554004e-06,9.857230206757554004e-06,9.857230206757554004e-06,9.857230206757554004e-06,9.857230206757554004e-06,9.857230206757554004e-06
3.442413175490051103e-01,3.442413175490051103e-01,3.442413175490051103e-01,2.137873775952837674e-01,1.129653419533036517e-02,7.636003619576073808e-05,7.636003619576073808e-05,7.636003619576073808e-05,7.636003619576073808e-05,7.636003619576073808e-05,7.636003619576073808e-05
2.223412409594911487e+00,1.150111168224386748e+00,1.017210939726128638e+00,1.017210939726128638e+00,1.017210939726128638e+00,9.793971581278246852e-01,9.793971581278246852e-01,9.793971581278246852e-01,9.793971581278246852e-01,3.214612647115326106e-03,3.214612647115326106e-03
4.024919613514135186e-01,4.024919613514135186e-01,4.024919613514135186e-01,4.024919613514135186e-01,5.000116658029033775e-05,5.000116658029033775e-05,5.000116658029033775e-05,7.282790690379770473e-06,7.282790690379770473e-06,7.282790690379770473e-06,7.282790690379770473e-06
3.235998677499687393e+00,3.235998677499687393e+00,3.235998677499687393e+00,3.235998677499687393e+00,1.109054724742383202e+00,9.851802743620027281e-01,9.816130404736128634e-01,9.816130404736128634e-01,9.816130404736128634e-01,9.463551588097435241e-01,9.463551588097435241e-01
9.898658926219738863e-01,9.898658926219738863e-01,9.898658926219738863e-01,9.898658926219738863e-01,1.100548219315169857e-01,1.463331162390299825e-02,1.463331162390299825e-02,2.986691784220278096e-07,2.986691784220278096e-07,2.986691784220278096e-07,2.986691784220278096e-07
1.585199725277653071e+00,1.585199725277653071e+00,5.309746316606819283e-01,8.006713925516738273e-02,8.006713925516738273e-02,1.492983876122266906e-02,5.504117865649093416e-03,1.628985510214246398e-04,1.628985510214246398e-04,1.628985510214246398e-04,1.587901527946204036e-05
1.915535202356092870e-01,3.391798124952624671e-02,3.391798124952624671e-02,3.391798124952624671e-02,3.150439259965630290e-03,1.056308699248098440e-04,1.056308699248098440e-04,1.923697711617025638e-05,1.923697711617025638e-05,1.923697711617025638e-05,1.923697711617025638e-05
3.214612647115326106e-03,3.214612647115326106e-03,3.214612647115326106e-03,3.214612647115326106e-03,7.356678527226911393e-04,3.480528210715944706e-05,3.480528210715944706e-05,1.969984090082821057e-06,1.969984090082821057e-06,1.969984090082821057e-06,1.969984090082821057e-06
7.765354632926299572e-02,7.765354632926299572e-02,7.765354632926299572e-02,1.328608757260260620e-02,1.234538346993951249e-05,1.234538346993951249e-05,1.234538346993951249e-05,1.234538346993951249e-05,1.234538346993951249e-05,1.234538346993951249e-05,1.234538346993951249e-05
8.568798895289791995e-01,2.162199683884095253e-03,2.162199683884095253e-03,2.162199683884095253e-03,2.162199683884095253e-03,6.582741274041715562e-04,6.582741274041715562e-04,1.172129792984537869e-04,1.172129792984537869e-04,1.172129792984537869e-04,1.172129792984537869e-04
1.246109014340919252e+00,1.246109014340919252e+00,1.071072769718504736e+00,1.071072769718504736e+00,1.071072769718504736e+00,9.796716247819846624e-01,9.793867148779119569e-01,9.793867148779119569e-01,9.793867148779119569e-01,3.214612647115326106e-03,1.898669214969163528e-03
9.911907625475428751e-02,1.678525137901237460e-03,1.678525137901237460e-03,1.678525137901237460e-03,1.075420684749300165e-07,1.075420684749300165e-07,1.075420684749300165e-07,1.075420684749300165e-07,1.075420684749300165e-07,1.075420684749300165e-07,1.075420684749300165e-07
1.416475284779133148e-01,1.416475284779133148e-01,4.077624347026516209e-03,1.258609861975877771e-03,4.785566410991315154e-06,4.785566410991315154e-06,4.785566410991315154e-06,4.785566410991315154e-06,4.785566410991315154e-06,4.785566410991315154e-06,4.785566410991315154e-06
1.087844292337735830e+00,1.087844292337735830e+00,1.087844292337735830e+00,1.012088663310939385e+00,9.801973110528288124e-01,9.796643738714400085e-01,9.796643738714400085e-01,9.796643738714400085e-01,9.793796734030645323e-01,3.214612647115326106e-03,3.214612647115326106e-03
1.172262329391282387e+00,1.172262329391282387e+00,1.160528436454977941e+00,1.160528436454977941e+00,9.793912183310403696e-01,9.793912183310403696e-01,9.793912183310403696e-01,9.793912183310403696e-01,9.793912183310403696e-01,3.214612647115326106e-03,3.214612647115326106e-03
1.473853252048231699e+00,1.279147011147269364e+00,1.108634119922908834e+00,7.435583013443451961e-01,4.307437425243169568e-03,1.572684726693376292e-04,1.572684726693376292e-04,2.385332505390049692e-06,2.385332505390049692e-06,2.385332505390049692e-06,2.385332505390049692e-06
3.060720996041749409e+00,1.904223847364156175e+00,1.152026821905492326e+00,9.913507541116276522e-01,9.913507541116276522e-01,9.796202272354861407e-01,9.796202272354861407e-01,9.796202272354861407e-01,9.794023880947811955e-01,3.214612647115326106e-03,3.214612647115326106e-03
1.187757977789865915e+00,1.002950313267215066e+00,1.002950313267215066e+00,9.331290032547945312e-01,5.359971103721882478e-04,1.295888950427424293e-04,1.295888950427424293e-04,1.295888950427424293e-04,7.237259601461287821e-06,7.237259601461287821e-06,7.237259601461287821e-06
9.794026688410764070e-01,9.794026688410764070e-01,9.794026688410764070e-01,9.794026688410764070e-01,9.794026688410764070e-01,9.794026688410764070e-01,9.794026688410764070e-01,9.794026688410764070e-01,9.794026688410764070e-01,3.214612647115326106e-03,3.214612647115326106e-03
7.406474176364397088e-01,4.267256583342140530e-01,9.902934319436543231e-02,6.402078818352589535e-04,1.666801308407824122e-05,1.666801308407824122e-05,1.666801308407824122e-05,1.666801308407824122e-05,1.666801308407824122e-05,1.666801308407824122e-05,1.666801308407824122e-05
3.094985631967597239e-01,3.094985631967597239e-01,1.033922643899252702e-01,1.033922643899252702e-01,6.715462645386172189e-04,1.586997703921544140e-04,1.586997703921544140e-04,1.586997703921544140e-04,1.586997703921544140e-04,1.586997703921544140e-04,3.405089880417706870e-05
1.164644401754790226e-01,1.085394794107465005e-01,1.085394794107465005e-01,1.085394794107465005e-01,3.632527576356771315e-02,1.119376648501318669e-02,1.524491557324195255e-03,1.524491557324195255e-03,4.467811388228356227e-05,4.467811388228356227e-05,4.467811388228356227e-05
1.529853227795504367e+00,1.529853227795504367e+00,1.529853227795504367e+00,1.021688262018553228e+00,1.021688262018553228e+00,3.469702041245655844e-01,4.062895830421350135e-02,1.631670228253790517e-02,2.550684672973231289e-04,2.550684672973231289e-04,7.176295017045928920e-05
3.994351277004993817e-01,3.994351277004993817e-01,8.378292482599000723e-02,8.378292482599000723e-02,6.998807150375270731e-04,7.754298003595622136e-05,7.754298003595622136e-05,7.754298003595622136e-05,7.754298003595622136e-05,7.754298003595622136e-05,7.754298003595622136e-05
