2.788549925295356890e-02,2.788549925295356890e-02,4.012884088277176783e-03,3.172892447288323207e-03,9.013245878265352829e-04,9.013245878265352829e-04,9.013245878265352829e-04,9.013245878265352829e-04,5.463934527119545647e-04,5.463934527119545647e-04,5.463934527119545647e-04
3.442413175490051103e-01,3.825570315242593890e-04,3.825570315242593890e-04,3.825570315242593890e-04,1.819730698195685980e-04,2.983305850417574420e-05,2.983305850417574420e-05,2.983305850417574420e-05,2.983305850417574420e-05,2.983305850417574420e-05,2.983305850417574420e-05
2.223412409594911487e+00,1.219011459840081413e+00,9.872341772761462630e-01,9.872341772761462630e-01,9.402906143614720991e-01,4.285624782243414588e-01,1.636983243726183590e-01,1.029618202020662725e-02,4.044073910414945741e-05,4.044073910414945741e-05,4.044073910414945741e-05
4.024919613514135186e-01,4.024919613514135186e-01,4.024919613514135186e-01,4.024919613514135186e-01,2.502285322321970429e-02,2.047986736662089577e-04,2.047986736662089577e-04,2.047986736662089577e-04,2.047986736662089577e-04,2.047986736662089577e-04,2.047986736662089577e-04
3.235998677499687393e+00,3.226963506862965847e+00,3.226963506862965847e+00,3.226963506862965847e+00,3.226963506862965847e+00,3.222570065212855717e+00,1.025668520590536925e+00,1.025668520590536925e+00,9.932612359695363047e-01,6.060722532726385836e-01,6.060722532726385836e-01
9.898658926219738863e-01,9.898658926219738863e-01,9.898658926219738863e-01,9.898658926219738863e-01,5.820576134139286983e-01,3.767486606132313121e-01,1.833738365311401719e-01,1.973323619624580200e-05,1.973323619624580200e-05,1.973323619624580200e-05,1.973323619624580200e-05
1.585199725277653071e+00,1.585199725277653071e+00,6.203708162158949602e-01,1.874209627401975387e-01,1.874209627401975387e-01,2.279718059652054152e-02,2.279718059652054152e-02,2.279718059652054152e-02,2.590866007891449475e-04,1.134359154844214259e-04,1.134359154844214259e-04
1.915535202356092870e-01,1.915535202356092870e-01,1.492079193473734057e-02,1.492079193473734057e-02,1.492079193473734057e-02,1.211012151581641536e-02,1.050819162203871920e-02,1.050819162203871920e-02,8.535049710456590758e-04,8.535049710456590758e-04,8.535049710456590758e-04
3.214612647115326106e-03,3.214612647115326106e-03,3.214612647115326106e-03,3.214612647115326106e-03,6.189220228843705538e-04,6.189220228843705538e-04,6.189220228843705538e-04,6.189220228843705538e-04,6.189220228843705538e-04,6.189220228843705538e-04,6.189220228843705538e-04
7.765354632926299572e-02,6.977235092260865648e-03,6.977235092260865648e-03,5.621604138956776305e-03,2.919943265923719174e-03,2.919943265923719174e-03,2.919943265923719174e-03,2.919943265923719174e-03,2.919943265923719174e-03,2.919943265923719174e-03,2.407003124405723167e-06
8.568798895289791995e-01,4.704157517465985539e-01,2.231957852897070715e-01,3.906712536127940338e-02,1.730047120374787143e-04,1.730047120374787143e-04,1.730047120374787143e-04,1.730047120374787143e-04,1.730047120374787143e-04,1.730047120374787143e-04,2.505826812331590428e-05
1.246109014340919252e+00,1.246109014340919252e+00,1.246109014340919252e+00,9.753275254323890975e-01,3.759014623963689017e-01,1.203648041455783191e-01,8.486295889727438896e-04,8.486295889727438896e-04,8.486295889727438896e-04,8.486295889727438896e-04,9.493312715261772018e-05
9.911907625475428751e-02,7.197710875837700500e-03,7.197710875837700500e-03,7.197710875837700500e-03,7.197710875837700500e-03,7.197710875837700500e-03,7.197710875837700500e-03,7.197710875837700500e-03,7.197710875837700500e-03,7.197710875837700500e-03,1.451969652018430352e-03
1.416475284779133148e-01,7.992155664852000629e-02,4.061589533809156771e-02,2.598687469644808960e-04,2.598687469644808960e-04,2.598687469644808960e-04,2.598687469644808960e-04,2.598687469644808960e-04,2.598687469644808960e-04,2.598687469644808960e-04,1.084621180264481553e-05
1.087844292337735830e+00,1.087844292337735830e+00,1.087844292337735830e+00,3.537754141186388313e-01,5.045729312430644042e-02,1.071730335445462805e-02,1.071730335445462805e-02,1.071730335445462805e-02,1.071730335445462805e-02,1.071730335445462805e-02,1.102022712487426304e-05
1.172262329391282387e+00,1.154994239816238499e+00,1.154994239816238499e+00,1.125659322004436191e+00,1.125659322004436191e+00,3.102971976123532483e-01,8.498310965573023512e-02,5.146559234646502085e-03,3.747287249094281874e-05,3.747287249094281874e-05,1.019037730381989340e-05
1.473853252048231699e+00,1.473853252048231699e+00,1.473853252048231699e+00,1.393022642752396401e+00,1.245467596428876389e-01,1.245467596428876389e-01,1.245467596428876389e-01,2.797667953057803459e-03,2.797667953057803459e-03,2.797667953057803459e-03,2.797667953057803459e-03
3.060720996041749409e+00,3.060720996041749409e+00,1.051657847511421773e+00,1.051657847511421773e+00,9.795814789295692604e-01,9.795814789295692604e-01,8.937826089998632817e-01,2.075413179895776727e-01,3.851376136175670151e-02,3.851376136175670151e-02,2.614190747298642954e-06
1.187757977789865915e+00,1.187757977789865915e+00,2.871676756861149538e-01,2.046166540159596869e-02,1.730047120374787143e-04,1.730047120374787143e-04,1.730047120374787143e-04,1.730047120374787143e-04,1.730047120374787143e-04,1.730047120374787143e-04,1.730047120374787143e-04
9.794026688410764070e-01,9.794026688410764070e-01,9.794026688410764070e-01,9.794026688410764070e-01,9.794026688410764070e-01,4.506696704307600054e-01,1.674026415282126590e-01,8.358385028268440617e-06,8.358385028268440617e-06,8.358385028268440617e-06,8.358385028268440617e-06
7.406474176364397088e-01,3.825570315242593890e-04,3.825570315242593890e-04,1.354266446728533566e-05,1.354266446728533566e-05,1.354266446728533566e-05,1.354266446728533566e-05,1.354266446728533566e-05,1.354266446728533566e-05,1.354266446728533566e-05,1.354266446728533566e-05
3.094985631967597239e-01,1.579851638988819928e-03,1.579851638988819928e-03,4.802213354426751105e-05,4.802213354426751105e-05,4.802213354426751105e-05,4.802213354426751105e-05,4.802213354426751105e-05,4.802213354426751105e-05,4.802213354426751105e-05,4.802213354426751105e-05
1.164644401754790226e-01,1.127855566625362849e-01,1.127855566625362849e-01,1.081160510332596081e-01,6.857799767834386884e-02,3.795850384052761300e-05,3.795850384052761300e-05,3.795850384052761300e-05,3.795850384052761300e-05,3.795850384052761300e-05,3.795850384052761300e-05
1.529853227795504367e+00,1.475605236985027213e+00,1.475605236985027213e+00,1.458967270073650013e+00,1.171860376673830473e+00,5.732531464592967307e-02,4.905485526108205405e-04,4.905485526108205405e-04,4.905485526108205405e-04,4.905485526108205405e-04,4.380054736700728421e-05
3.994351277004993817e-01,2.314840432358300157e-02,2.314840432358300157e-02,1.980191023511545037e-02,1.068275583120614986e-03,1.068275583120614986e-03,1.068275583120614986e-03,1.068275583120614986e-03,4.676787472536591408e-08,4.676787472536591408e-08,4.676787472536591408e-08
