2.788549925295356890e-02,2.788549925295356890e-02,2.455806305793788863e-02,2.598687469644808960e-04,2.598687469644808960e-04,2.598687469644808960e-04,2.598687469644808960e-04,2.598687469644808960e-04,2.598687469644808960e-04,2.598687469644808960e-04,2.598687469644808960e-04
3.442413175490051103e-01,1.059947064223057817e-01,1.633095862458879693e-02,1.633095862458879693e-02,3.956616880423434283e-04,3.956616880423434283e-04,3.956616880423434283e-04,3.956616880423434283e-04,3.956616880423434283e-04,3.956616880423434283e-04,3.956616880423434283e-04
2.223412409594911487e+00,1.219903329742707543e+00,9.861843038084547874e-01,9.861843038084547874e-01,9.402906143614720991e-01,4.109548266442524245e-01,1.493054847128734153e-01,6.027259391382552324e-03,6.027259391382552324e-03,2.112523934608146348e-03,2.112523934608146348e-03
4.024919613514135186e-01,4.024919613514135186e-01,4.024919613514135186e-01,4.024919613514135186e-01,2.184859036346308361e-02,2.184859036346308361e-02,2.184859036346308361e-02,2.184859036346308361e-02,7.220924853749951036e-04,7.220924853749951036e-04,6.090011915879894026e-05
3.235998677499687393e+00,3.225524369233234268e+00,3.225524369233234268e+00,3.225524369233234268e+00,1.250842901102841909e+00,1.033652485530606624e+00,9.845305600933917933e-01,3.684616624925523554e-01,3.684616624925523554e-01,1.602998796930095449e-01,3.273887856009930104e-03
9.898658926219738863e-01,9.898658926219738863e-01,9.898658926219738863e-01,9.898658926219738863e-01,5.485005701410954337e-01,3.226189230354601367e-01,1.597169385550435694e-01,2.018161902377042967e-03,2.018161902377042967e-03,2.018161902377042967e-03,1.200406011207465077e-03
1.585199725277653071e+00,1.585199725277653071e+00,6.370652166113759396e-01,1.649763587495040040e-01,1.649763587495040040e-01,1.800007441964665209e-02,1.800007441964665209e-02,1.800007441964665209e-02,2.125535238929181789e-05,2.125535238929181789e-05,2.125535238929181789e-05
1.915535202356092870e-01,3.043320651148868211e-02,6.453054886055722235e-04,6.453054886055722235e-04,6.453054886055722235e-04,6.453054886055722235e-04,6.453054886055722235e-04,6.453054886055722235e-04,6.453054886055722235e-04,6.453054886055722235e-04,6.453054886055722235e-04
3.214612647115326106e-03,3.214612647115326106e-03,3.214612647115326106e-03,1.621837163132562685e-03,5.285669027007595814e-04,5.285669027007595814e-04,5.285669027007595814e-04,5.285669027007595814e-04,5.285669027007595814e-04,5.285669027007595814e-04,5.285669027007595814e-04
7.765354632926299572e-02,7.239564193914409251e-02,7.239564193914409251e-02,6.265023597373153841e-02,2.430203487855426333e-03,2.430203487855426333e-03,2.430203487855426333e-03,2.430203487855426333e-03,2.430203487855426333e-03,2.430203487855426333e-03,2.430203487855426333e-03
8.568798895289791995e-01,4.748363982185294097e-01,2.231886069689120733e-01,4.915711057925499505e-02,5.686772160288689100e-04,5.686772160288689100e-04,5.686772160288689100e-04,5.686772160288689100e-04,5.686772160288689100e-04,5.686772160288689100e-04,1.599236692923363093e-06
1.246109014340919252e+00,1.246109014340919252e+00,1.246109014340919252e+00,1.016571982287961529e+00,3.541718889758717070e-01,9.912347538483390341e-02,2.548475824029829834e-02,2.548475824029829834e-02,1.564141096294727846e-03,1.564141096294727846e-03,4.263639050426627754e-06
9.911907625475428751e-02,6.608855318112407361e-03,6.608855318112407361e-03,6.799193755124472750e-04,1.321436041146027148e-05,1.321436041146027148e-05,1.321436041146027148e-05,1.321436041146027148e-05,1.321436041146027148e-05,1.321436041146027148e-05,1.321436041146027148e-05
1.416475284779133148e-01,1.416475284779133148e-01,6.075587486216642991e-02,2.139778320824152480e-02,1.822395128213308768e-03,1.822395128213308768e-03,1.822395128213308768e-03,1.822395128213308768e-03,1.822395128213308768e-03,1.822395128213308768e-03,1.822395128213308768e-03
1.087844292337735830e+00,1.087844292337735830e+00,1.087844292337735830e+00,3.537754141186388313e-01,6.708442530550692839e-02,6.043989720162516906e-04,6.043989720162516906e-04,6.043989720162516906e-04,6.043989720162516906e-04,6.043989720162516906e-04,6.043989720162516906e-04
1.172262329391282387e+00,1.172262329391282387e+00,1.172262329391282387e+00,1.172262329391282387e+00,1.097170578672860275e+00,5.327293124561610638e-01,2.129032941920994682e-01,8.768308976810511302e-02,1.148855839919348844e-02,1.148855839919348844e-02,2.511098192806135768e-04
1.473853252048231699e+00,1.130955650144995772e+00,3.828631123850934070e-01,7.437250562044296631e-02,1.861990769587930014e-02,1.950154868453488543e-04,1.950154868453488543e-04,1.950154868453488543e-04,1.950154868453488543e-04,1.950154868453488543e-04,1.950154868453488543e-04
3.060720996041749409e+00,1.560335779051091665e+00,1.029197416976336710e+00,1.017864063533466590e+00,1.017864063533466590e+00,1.017864063533466590e+00,1.017864063533466590e+00,4.168090850067384112e-01,1.643698546840215158e-01,2.450282905111951515e-02,3.746413786708787611e-03
1.187757977789865915e+00,1.187757977789865915e+00,7.865474530677895038e-01,3.921621920267233108e-01,3.205964115983622048e-02,3.205964115983622048e-02,2.933273068067339276e-05,2.933273068067339276e-05,2.933273068067339276e-05,2.933273068067339276e-05,2.933273068067339276e-05
9.794026688410764070e-01,9.794026688410764070e-01,9.794026688410764070e-01,9.794026688410764070e-01,9.794026688410764070e-01,4.577290987648157117e-01,1.480505448539993218e-01,2.643022803286830189e-02,2.428527237787716023e-02,3.090950909854866900e-05,3.090950909854866900e-05
7.406474176364397088e-01,2.177966112102752705e-01,2.072153944384874658e-02,2.072153944384874658e-02,6.524849268767510735e-04,6.524849268767510735e-04,6.524849268767510735e-04,6.524849268767510735e-04,1.923427979904342812e-06,1.923427979904342812e-06,1.923427979904342812e-06
3.094985631967597239e-01,3.255134377916511085e-02,9.719562866308789628e-03,9.719562866308789628e-03,5.558256520369984216e-04,5.558256520369984216e-04,5.558256520369984216e-04,5.558256520369984216e-04,5.558256520369984216e-04,5.558256520369984216e-04,5.558256520369984216e-04
1.164644401754790226e-01,1.164644401754790226e-01,3.301502209033978924e-02,1.271741288378609031e-03,4.214740553617774693e-04,4.214740553617774693e-04,4.214740553617774693e-04,4.214740553617774693e-04,4.214740553617774693e-04,4.214740553617774693e-04,4.214740553617774693e-04
1.529853227795504367e+00,1.529853227795504367e+00,1.529853227795504367e+00,1.004482713248586956e+00,1.004482713248586956e+00,1.004482713248586956e+00,4.852406778213996241e-01,2.039004793442875108e-01,5.263640923615527101e-02,1.137985782063966056e-02,1.137985782063966056e-02
3.994351277004993817e-01,8.244914624829773053e-02,1.027096125874595381e-03,1.027096125874595381e-03,1.027096125874595381e-03,1.027096125874595381e-03,1.027096125874595381e-03,1.027096125874595381e-03,1.027096125874595381e-03,1.027096125874595381e-03,1.027096125874595381e-03
