2.788549925295356890e-02,2.788549925295356890e-02,1.464126089554214361e-03,1.464108916778025012e-03,9.144872968736501894e-04,9.144872968736501894e-04,9.144872968736501894e-04,9.144872968736501894e-04,9.144872968736501894e-04,9.144872968736501894e-04,9.144872968736501894e-04
3.442413175490051103e-01,3.442413175490051103e-01,7.853776503736881187e-02,1.892881965220637175e-02,2.434978117491827678e-05,2.434978117491827678e-05,2.434978117491827678e-05,2.434978117491827678e-05,2.434978117491827678e-05,2.434978117491827678e-05,2.434978117491827678e-05
2.223412409594911487e+00,2.223412409594911487e+00,1.001750993956469493e+00,1.001750993956469493e+00,1.001750993956469493e+00,1.001750993956469493e+00,8.156729149017009906e-02,2.885579404987551836e-03,1.247927762213920744e-04,1.247902705709992837e-04,1.247902705709992837e-04
4.024919613514135186e-01,4.024919613514135186e-01,4.024919613514135186e-01,7.550905139579258685e-02,7.550905139579258685e-02,7.550905139579258685e-02,7.550905139579258685e-02,1.041220969875955707e-04,1.041220969875955707e-04,1.041220969875955707e-04,1.041220969875955707e-04
3.235998677499687393e+00,3.235998677499687393e+00,3.235998677499687393e+00,3.235998677499687393e+00,1.042401875667640310e+00,1.042401875667640310e+00,1.042401875667640310e+00,9.775145424959186258e-01,1.169713164982453674e-01,1.805852689501551492e-02,1.392426660624552269e-06
9.898658926219738863e-01,6.257031783167598116e-01,2.941001324757028246e-01,1.223870745001398724e-01,3.927150808264367673e-05,3.927150808264367673e-05,3.927150808264367673e-05,3.927150808264367673e-05,3.927150808264367673e-05,3.927150808264367673e-05,3.927150808264367673e-05
1.585199725277653071e+00,1.585199725277653071e+00,1.524154789157510459e+00,1.336254326362825484e+00,2.914886055490169547e-01,2.914886055490169547e-01,3.604468581977897292e-03,3.604468581977897292e-03,3.604468581977897292e-03,3.604468581977897292e-03,3.604468581977897292e-03
1.915535202356092870e-01,1.114953748561540031e-01,1.800631259091666631e-02,3.933772106699696264e-03,5.951512102735372241e-04,5.951512102735372241e-04,5.951512102735372241e-04,2.551376918340492032e-04,2.551376918340492032e-04,2.551376918340492032e-04,2.551376918340492032e-04
3.214612647115326106e-03,3.214612647115326106e-03,3.214612647115326106e-03,3.214612647115326106e-03,3.214612647115326106e-03,3.214612647115326106e-03,3.214612647115326106e-03,3.214612647115326106e-03,3.214612647115326106e-03,3.214612647115326106e-03,3.214612647115326106e-03
7.765354632926299572e-02,7.765354632926299572e-02,7.765354632926299572e-02,9.120282510114258515e-03,2.759701975966038289e-05,2.759701975966038289e-05,2.759701975966038289e-05,2.759701975966038289e-05,2.759701975966038289e-05,2.759701975966038289e-05,2.759701975966038289e-05
8.568798895289791995e-01,8.969437677144101451e-02,8.969437677144101451e-02,1.816174047473801491e-06,1.816174047473801491e-06,1.816174047473801491e-06,1.816174047473801491e-06,1.816174047473801491e-06,1.816174047473801491e-06,1.816174047473801491e-06,1.816174047473801491e-06
1.246109014340919252e+00,1.246109014340919252e+00,1.121471118562162639e+00,1.121471118562162639e+00,1.121471118562162639e+00,5.286060388732827242e-01,8.062002279417289363e-02,1.660100502768224479e-03,4.954094540289316791e-05,4.954094540289316791e-05,1.541189364222122574e-05
9.911907625475428751e-02,9.911907625475428751e-02,1.184702268100319700e-02,1.881166751445672268e-03,3.216374890954356441e-04,3.216374890954356441e-04,3.216374890954356441e-04,3.216374890954356441e-04,3.216374890954356441e-04,3.216374890954356441e-04,3.216374890954356441e-04
1.416475284779133148e-01,8.175895791836923152e-03,8.175895791836923152e-03,8.175895791836923152e-03,8.175895791836923152e-03,8.175895791836923152e-03,8.175895791836923152e-03,8.175895791836923152e-03,8.175895791836923152e-03,3.224821396739999905e-03,1.978264661806324130e-03
1.087844292337735830e+00,1.087844292337735830e+00,1.087844292337735830e+00,1.087844292337735830e+00,1.087844292337735830e+00,7.622160009637003058e-05,7.622160009637003058e-05,7.622160009637003058e-05,7.622160009637003058e-05,5.731517763930011608e-05,5.731517763930011608e-05
1.172262329391282387e+00,1.172262329391282387e+00,1.172262329391282387e+00,1.172262329391282387e+00,1.172262329391282387e+00,3.769007092218565891e-01,3.914739079076824668e-02,2.709007893346075213e-04,2.709007893346075213e-04,2.709007893346075213e-04,1.360425442994059580e-04
1.473853252048231699e+00,1.240469865644592495e+00,9.595511439975257240e-01,4.650704583990342700e-01,1.282735548381280094e-02,1.282735548381280094e-02,1.282735548381280094e-02,1.282735548381280094e-02,1.282735548381280094e-02,4.017512824980845783e-03,4.017512824980845783e-03
3.060720996041749409e+00,3.060720996041749409e+00,1.191201309551080501e+00,9.932892894551619278e-01,9.932892894551619278e-01,9.932892894551619278e-01,6.400691057993896926e-01,4.675110600817249801e-02,4.440685137740486323e-03,1.289929752684158262e-03,3.358135554354150739e-04
1.187757977789865915e+00,1.022049632703210920e+00,5.583913061709800951e-01,2.808235358515879243e-01,2.862704589044322637e-03,2.862704589044322637e-03,2.862704589044322637e-03,2.862704589044322637e-03,2.862704589044322637e-03,2.862704589044322637e-03,2.862704589044322637e-03
9.794026688410764070e-01,9.794026688410764070e-01,9.794026688410764070e-01,9.794026688410764070e-01,9.794026688410764070e-01,9.794026688410764070e-01,9.794026688410764070e-01,9.794026688410764070e-01,3.204385057879108878e-01,2.176024398881324512e-02,6.629214780759007169e-04
7.406474176364397088e-01,4.108861528203459068e-01,1.212798013815845621e-01,3.614466027736197573e-02,9.398835138550151519e-05,6.672652653078434322e-05,6.670801448487224429e-05,6.670801448487224429e-05,2.355649792253504402e-05,2.354217988043978327e-05,2.354217988043978327e-05
3.094985631967597239e-01,3.094985631967597239e-01,5.967323759777905939e-02,5.967323759777905939e-02,5.967323759777905939e-02,5.967323759777905939e-02,5.967323759777905939e-02,5.967323759777905939e-02,6.076817435263616798e-05,6.072572662001591144e-05,6.072572662001591144e-05
1.164644401754790226e-01,1.102157337526952219e-01,9.857353173776316202e-02,9.857353173776316202e-02,5.169647316705087590e-04,4.564547844263822660e-04,4.564547844263822660e-04,4.564547844263822660e-04,4.564547844263822660e-04,4.564547844263822660e-04,1.660804081246507899e-05
1.529853227795504367e+00,1.529853227795504367e+00,1.480007446859773479e+00,9.808907941158868660e-01,9.808907941158868660e-01,9.430524449541233256e-01,9.430524449541233256e-01,9.430524449541233256e-01,4.912337563379020056e-01,2.222024709600853298e-02,1.379336735591745388e-03
3.994351277004993817e-01,1.872089017785641130e-01,1.872089017785641130e-01,1.872089017785641130e-01,1.872089017785641130e-01,1.872089017785641130e-01,7.044907588927443176e-02,3.812478213150961241e-05,3.690998966752621555e-05,3.690998966752621555e-05,3.690998966752621555e-05
