2.000000000000000000e+01,2.000000000000000000e+01,2.000000000000000000e+01,5.119492355644506887e+00,5.119492355644506887e+00,5.119492355644506887e+00,2.064370345358466086e+00,2.064370345358466086e+00,2.064370345358466086e+00,7.900488811523723731e-01
1.999995096277403661e+01,1.999999999999999289e+01,1.999999999999999289e+01,1.999999831350686819e+01,1.476807326884835092e+01,1.476807326884835092e+01,1.027297751195847120e+01,1.027297751195847120e+01,1.027297751195847120e+01,7.680734619988240475e+00
1.999999855059510878e+01,1.999999855059510878e+01,2.000000000000000000e+01,1.999999999978259169e+01,4.305438706445482988e-01,4.305438706445482988e-01,1.094110013466925158e-01,1.094110013466925158e-01,1.094110013466925158e-01,5.532366245893924894e-01
2.000000000000000000e+01,2.000000000000000000e+01,2.000000000000000000e+01,1.999999093270685080e+01,1.486618676105256043e+01,1.486618676105256043e+01,9.508260693502068150e+00,9.508260693502068150e+00,9.508260693502068150e+00,7.832493104535759976e+00
2.000000000000000000e+01,2.000000000000000000e+01,1.999999972240071955e+01,1.999999967279907409e+01,1.845205350866477856e+00,3.977091361459177965e-01,4.728354852850728540e-01,4.728354852850728540e-01,4.728354852850728540e-01,4.473678925950850815e-01
1.999999999999528555e+01,1.999999999999528555e+01,2.000000000000000000e+01,1.999999999995394262e+01,2.000000000000000000e+01,2.000000000000000000e+01,3.452260227279192240e+00,1.413293051347950247e+00,2.868201870930949249e-01,2.117539982649543351e+00
1.999990666766080238e+01,1.999993153018872505e+01,1.999993153018872505e+01,3.783437227781107359e-01,3.783437227781107359e-01,2.000000000000000000e+01,9.308945587255671450e-01,9.308945587255671450e-01,9.308945587255671450e-01,1.302926069720473201e+00
1.999999999991637978e+01,1.999999981415336237e+01,9.149470147634639616e+00,1.999999917409463279e+01,2.000000000000000000e+01,9.208505510038440534e+00,4.627280247099252009e+00,4.627280247099252009e+00,4.627280247099252009e+00,2.528034621618418409e+00
1.999996316191032264e+01,1.999996316191032264e+01,1.999996316191032264e+01,1.999998767481866579e+01,1.999998767481866579e+01,1.999998767481866579e+01,5.919974521843893278e+00,5.919974521843893278e+00,5.919974521843893278e+00,4.819095027947660981e+00
2.000000000000000000e+01,2.000000000000000000e+01,1.999996116775871258e+01,6.242699099168334875e+00,1.137548356815265649e+01,1.137548356815265649e+01,3.649867641341664637e+00,3.649867641341664637e+00,3.649867641341664637e+00,1.573745463899563379e+00
2.000000000000000000e+01,2.000000000000000000e+01,2.000000000000000000e+01,2.115953059332087438e+00,2.588378514297263733e-01,2.588378514297263733e-01,1.073438552320669759e+00,1.073438552320669759e+00,1.073438552320669759e+00,4.701933514610084353e-01
2.000000000000000000e+01,2.000000000000000000e+01,2.000000000000000000e+01,9.569675880479253660e-01,1.393039742213165177e-01,1.393039742213165177e-01,2.671138004796896337e-01,2.671138004796896337e-01,2.671138004796896337e-01,6.789147274120133080e-01
2.000000000000000000e+01,1.999999859664916002e+01,1.999999859664916002e+01,6.739926920281564371e+00,4.575548551873610315e+00,4.575548551873610315e+00,4.130509139278250252e+00,4.130509139278250252e+00,4.130509139278250252e+00,2.507702471103334219e+00
2.000000000000000000e+01,2.000000000000000000e+01,1.999999999805203288e+01,4.677434955832589836e+00,4.677434955832589836e+00,4.677434955832589836e+00,1.677925722241825568e+01,1.677925722241825568e+01,1.677925722241825568e+01,2.832543643510923026e+00
1.999999999999999645e+01,2.000000000000000000e+01,2.000000000000000000e+01,1.999999999999957723e+01,1.999987563248565436e+01,1.999987563248565436e+01,1.825995909830517849e+00,1.825995909830517849e+00,1.825995909830517849e+00,1.361492903620217243e+00
2.000000000000000000e+01,1.999999999948591878e+01,1.999999999948591878e+01,3.284775564319065033e+00,1.838515589977423481e+00,1.838515589977423481e+00,4.797341320311132584e+00,4.797341320311132584e+00,1.742654402947483305e+00,1.479476703799995407e+00
2.000000000000000000e+01,2.000000000000000000e+01,1.999999999146871943e+01,2.664461975402756533e+00,2.123791624948635270e+00,5.016945649605094593e-01,4.153131018252123607e-01,4.153131018252123607e-01,4.153131018252123607e-01,6.880754718233992318e-01
1.999999999999984368e+01,1.999999999999999645e+01,1.396637900690846701e+00,5.402634727858057762e-01,5.402634727858057762e-01,5.402634727858057762e-01,3.545164451995705956e-01,3.545164451995705956e-01,3.545164451995705956e-01,5.776997844229536661e-01
2.000000000000000000e+01,2.000000000000000000e+01,2.000000000000000000e+01,1.999999976382049027e+01,3.912050744738486241e+00,1.928323045891986220e+00,1.533979934920560062e+00,1.533979934920560062e+00,1.533979934920560062e+00,8.676301140209791152e-01
1.999999956360849040e+01,1.999999956360849040e+01,2.000000000000000000e+01,2.000000000000000000e+01,2.000000000000000000e+01,2.000000000000000000e+01,2.525435284998722274e+00,2.525435284998722274e+00,2.525435284998722274e+00,1.739358888153808236e+00
1.999999999920426319e+01,1.999994300042096640e+01,1.999994300042096640e+01,1.999999996229623633e+01,1.790625503501222227e+01,1.790625503501222227e+01,1.205213461397025476e+01,1.205213461397025476e+01,1.205213461397025476e+01,9.791571025286543772e+00
2.000000000000000000e+01,2.000000000000000000e+01,2.000000000000000000e+01,1.999999999766587067e+01,4.634644229459359721e+00,4.634644229459359721e+00,2.022708876667607125e+00,2.022708876667607125e+00,2.022708876667607125e+00,9.932993334446688083e-01
1.999999999969527664e+01,1.999999903585864658e+01,1.999999903585864658e+01,3.717728397856963074e+00,1.786710806637410665e+00,1.786710806637410665e+00,1.147503872776857614e+00,1.147503872776857614e+00,1.147503872776857614e+00,2.152259555748660347e+00
2.000000000000000000e+01,2.000000000000000000e+01,1.999999997926751760e+01,2.000000000000000000e+01,1.848180325104897381e+00,1.848180325104897381e+00,1.689266390979548005e-01,1.689266390979548005e-01,1.689266390979548005e-01,2.350818287140736540e-01
2.000000000000000000e+01,2.000000000000000000e+01,2.000000000000000000e+01,1.999999999913537607e+01,1.571825085729656024e+01,1.571825085729656024e+01,1.122007921145899267e+01,1.122007921145899267e+01,1.122007921145899267e+01,7.699887961761632482e+00
