2.000000000000000000e+01,2.000000000000000000e+01,6.043079242855802669e+00,1.999999999871786116e+01,1.999999999871786116e+01,6.291321650265951249e+00,3.185708225204605171e+00,3.185708225204605171e+00,3.185708225204605171e+00,2.697396698451230534e+00
1.999995096277403661e+01,4.078139486236081801e+00,4.078139486236081801e+00,2.000000000000000000e+01,2.000000000000000000e+01,2.000000000000000000e+01,1.999999999999997513e+01,1.999999999999997513e+01,1.999999999999997513e+01,2.015481496176409593e+00
2.477916416365558983e-01,2.477916416365558983e-01,2.477916416365558983e-01,5.631547998473348526e-01,5.631547998473348526e-01,5.631547998473348526e-01,1.174165927994875069e+00,1.174165927994875069e+00,1.174165927994875069e+00,1.255302181365710812e+00
1.840116445876567752e+00,1.840116445876567752e+00,1.840116445876567752e+00,1.769268280528512483e+00,2.045893364206468057e+00,2.045893364206468057e+00,3.480573846991392717e+00,3.480573846991392717e+00,3.480573846991392717e+00,1.163477012295393243e+00
6.936193369643456341e-02,6.936193369643456341e-02,6.936193369643456341e-02,4.620755990410168934e+00,4.620755990410168934e+00,4.620755990410168934e+00,3.388578394080123402e-01,3.388578394080123402e-01,3.388578394080123402e-01,6.032044638640901013e-01
3.991974587328286916e-01,3.991974587328286916e-01,3.991974587328286916e-01,2.710257725974428156e-01,2.710257725974428156e-01,2.710257725974428156e-01,9.562292222851686008e-01,9.562292222851686008e-01,9.562292222851686008e-01,5.878571582295172293e-01
2.590499996663030435e-01,2.590499996663030435e-01,2.590499996663030435e-01,1.175327396726049356e+00,1.175327396726049356e+00,1.175327396726049356e+00,1.401319751179513733e-02,1.401319751179513733e-02,1.401319751179513733e-02,5.638177077424447736e-01
3.240105281600703435e+00,3.240105281600703435e+00,4.598893335205260335e+00,4.994201335261042374e+00,4.994201335261042374e+00,3.411013160057541516e+00,1.554775979858277424e+00,1.554775979858277424e+00,1.554775979858277424e+00,1.244951468466786615e+00
1.999999655762646000e+01,1.999999655762646000e+01,1.999999655762646000e+01,1.295130246736019508e+01,1.335624063621225766e+01,1.335624063621225766e+01,3.058948163498837136e+00,3.058948163498837136e+00,3.058948163498837136e+00,1.506859624870422021e+00
4.912252611714053252e+00,5.837085948926875822e+00,5.837085948926875822e+00,9.339738942813829325e+00,9.339738942813829325e+00,5.824510196401288198e+00,5.565574929607157273e+00,5.565574929607157273e+00,5.565574929607157273e+00,3.551618493596015114e+00
3.883770110114613261e-01,3.883770110114613261e-01,3.883770110114613261e-01,1.895298984382189245e+00,1.895298984382189245e+00,1.895298984382189245e+00,1.326125640165439767e+00,1.326125640165439767e+00,1.326125640165439767e+00,9.658022301457029890e-01
4.274721405889097547e-01,4.274721405889097547e-01,4.274721405889097547e-01,3.612794106503684488e-01,3.612794106503684488e-01,1.956020738918152202e-01,2.188302233233719640e+00,2.188302233233719640e+00,2.188302233233719640e+00,6.588570651488876440e-01
4.355413538806756080e+00,7.618965741451112272e+00,7.618965741451112272e+00,1.999996006769177725e+01,1.920684152247738652e+01,1.920684152247738652e+01,4.876054676158240397e+00,4.876054676158240397e+00,4.876054676158240397e+00,3.273533646039227474e+00
2.395300831325051227e+00,2.395300831325051227e+00,4.104492894157340643e+00,1.583559652895377257e+00,1.583559652895377257e+00,1.583559652895377257e+00,2.384603676709841746e+00,2.384603676709841746e+00,2.384603676709841746e+00,1.507152222751904747e+00
9.180339023333210502e-01,9.180339023333210502e-01,9.180339023333210502e-01,1.369638181738130234e+00,1.369638181738130234e+00,4.630643314241302377e+00,1.891773762012741944e+00,1.891773762012741944e+00,1.891773762012741944e+00,1.085941976019746402e+00
5.108210804595881838e-01,5.108210804595881838e-01,5.108210804595881838e-01,6.658509239780437960e-01,6.658509239780437960e-01,6.658509239780437960e-01,1.071739908747669778e+00,1.071739908747669778e+00,1.071739908747669778e+00,2.517900113367299575e-01
2.497739558534387838e-01,2.497739558534387838e-01,2.497739558534387838e-01,3.261487601592641949e-01,3.261487601592641949e-01,3.261487601592641949e-01,5.833734852199440324e-01,5.833734852199440324e-01,5.833734852199440324e-01,2.015769464291360669e-01
1.864524069580298371e-01,1.864524069580298371e-01,1.864524069580298371e-01,5.510690545069045765e-01,5.510690545069045765e-01,5.510690545069045765e-01,7.440738188733642122e-01,7.440738188733642122e-01,7.440738188733642122e-01,1.040339243683755299e+00
6.988673611510040073e-01,6.988673611510040073e-01,6.988673611510040073e-01,1.841439549560674127e+00,1.841439549560674127e+00,1.841439549560674127e+00,9.470736405465336738e-02,9.470736405465336738e-02,9.470736405465336738e-02,3.525688807534810842e-01
8.784468667679383724e-01,8.784468667679383724e-01,8.784468667679383724e-01,6.216689177482001005e-01,6.216689177482001005e-01,6.216689177482001005e-01,1.362211689229083422e+00,1.362211689229083422e+00,1.362211689229083422e+00,1.204159874028121635e+00
1.999999999920426319e+01,7.499523691536135850e+00,7.499523691536135850e+00,2.000000000000000000e+01,2.000000000000000000e+01,2.000000000000000000e+01,5.628593284094878690e+00,5.628593284094878690e+00,5.628593284094878690e+00,2.396351980368836454e+00
2.318187806933057260e+00,5.920943450330906188e+00,5.920943450330906188e+00,1.999999985555973225e+01,1.999999985555973225e+01,1.999999985555973225e+01,8.919530133521153203e+00,8.919530133521153203e+00,8.919530133521153203e+00,6.061516336916668024e+00
1.999999999969527664e+01,1.999999611986644510e+01,1.999999611986644510e+01,5.492020947555213972e-01,5.492020947555213972e-01,5.492020947555213972e-01,5.361378101716145927e+00,5.361378101716145927e+00,5.361378101716145927e+00,2.553645975477014218e+00
1.935020492351030852e-01,1.935020492351030852e-01,1.935020492351030852e-01,2.192175055033609155e-01,2.192175055033609155e-01,3.813193079123081142e-01,2.091935167344613156e+00,2.091935167344613156e+00,2.091935167344613156e+00,4.097037467225804197e-01
1.656345856568123942e+00,3.281054965973642545e+00,3.281054965973642545e+00,1.243326277033171934e+01,1.114400490427123636e+01,1.114400490427123636e+01,6.588642890546026365e+00,6.588642890546026365e+00,6.588642890546026365e+00,5.263933361025245894e+00
