2.788549925295356890e-02,2.788549925295356890e-02,2.788549925295356890e-02,2.788549925295356890e-02,1.065398554005901654e-03,1.065398554005901654e-03,1.065398554005901654e-03,1.065398554005901654e-03,1.065398554005901654e-03,2.971979250830650223e-04,2.971979250830650223e-04
3.442413175490051103e-01,3.442413175490051103e-01,3.442413175490051103e-01,3.442413175490051103e-01,3.442413175490051103e-01,3.442413175490051103e-01,3.442413175490051103e-01,3.442413175490051103e-01,3.442413175490051103e-01,4.071571051410640893e-03,4.071571051410640893e-03
2.223412409594911487e+00,8.577757060866360028e-01,8.577757060866360028e-01,8.577757060866360028e-01,8.577757060866360028e-01,1.870070313915727089e-01,4.923772086412163754e-03,4.923772086412163754e-03,4.923772086412163754e-03,4.324494941582137687e-03,4.324494941582137687e-03
4.024919613514135186e-01,4.024919613514135186e-01,4.024919613514135186e-01,1.558542864948160057e-02,1.558542864948160057e-02,1.558542864948160057e-02,1.558542864948160057e-02,1.558542864948160057e-02,1.558542864948160057e-02,1.558542864948160057e-02,1.558542864948160057e-02
3.235998677499687393e+00,1.213415395890269810e+00,1.213415395890269810e+00,1.019373363179801206e+00,1.019373363179801206e+00,1.019373363179801206e+00,6.192453855768244309e-02,8.124853087770696550e-03,8.124853087770696550e-03,6.278390963589835540e-03,6.278390963589835540e-03
9.898658926219738863e-01,9.898658926219738863e-01,9.898658926219738863e-01,9.898658926219738863e-01,9.898658926219738863e-01,9.898658926219738863e-01,9.898658926219738863e-01,2.253883721533777099e-02,2.253883721533777099e-02,1.526051871131945607e-04,1.526051871131945607e-04
1.585199725277653071e+00,1.585199725277653071e+00,3.181130019183028325e-03,3.181130019183028325e-03,3.181130019183028325e-03,3.181130019183028325e-03,3.181130019183028325e-03,3.181130019183028325e-03,3.181130019183028325e-03,3.181130019183028325e-03,3.181130019183028325e-03
1.915535202356092870e-01,1.915535202356092870e-01,6.365932851123948591e-03,6.365932851123948591e-03,6.365932851123948591e-03,6.365932851123948591e-03,6.365932851123948591e-03,6.365932851123948591e-03,6.365932851123948591e-03,4.229396051782447402e-05,4.229396051782447402e-05
3.214612647115326106e-03,3.214612647115326106e-03,3.214612647115326106e-03,3.214612647115326106e-03,3.214612647115326106e-03,3.214612647115326106e-03,3.214612647115326106e-03,3.214612647115326106e-03,3.214612647115326106e-03,4.481626869960667471e-04,4.481626869960667471e-04
7.765354632926299572e-02,4.116244832251578223e-02,4.116244832251578223e-02,4.116244832251578223e-02,4.116244832251578223e-02,4.116244832251578223e-02,4.116244832251578223e-02,4.116244832251578223e-02,9.554973661823880013e-03,2.755486363121482235e-03,2.755486363121482235e-03
8.568798895289791995e-01,8.568798895289791995e-01,7.465873847028839938e-01,7.465873847028839938e-01,7.465873847028839938e-01,7.465873847028839938e-01,7.465873847028839938e-01,7.465873847028839938e-01,1.912719815004616242e-01,5.489948210763672710e-03,5.489948210763672710e-03
1.246109014340919252e+00,1.246109014340919252e+00,4.926489096994481898e-01,4.926489096994481898e-01,4.926489096994481898e-01,3.604837640957124778e-01,3.604837640957124778e-01,3.604837640957124778e-01,3.126208970234386000e-03,3.126208970234386000e-03,3.126208970234386000e-03
9.911907625475428751e-02,2.943495683529239251e-02,2.943495683529239251e-02,2.943495683529239251e-02,2.943495683529239251e-02,2.943495683529239251e-02,8.984470572561972324e-05,8.984470572561972324e-05,8.984470572561972324e-05,8.984470572561972324e-05,8.984470572561972324e-05
1.416475284779133148e-01,2.248949527920241463e-03,2.248949527920241463e-03,2.248949527920241463e-03,2.248949527920241463e-03,2.248949527920241463e-03,2.248949527920241463e-03,2.248949527920241463e-03,2.248949527920241463e-03,2.248949527920241463e-03,2.248949527920241463e-03
1.087844292337735830e+00,1.378603234331043925e-02,1.378603234331043925e-02,1.378603234331043925e-02,1.378603234331043925e-02,1.378603234331043925e-02,1.378603234331043925e-02,1.378603234331043925e-02,5.946424192931621701e-03,5.946424192931621701e-03,5.946424192931621701e-03
1.172262329391282387e+00,2.534284432691569777e-01,2.534284432691569777e-01,2.534284432691569777e-01,2.534284432691569777e-01,1.182185968020837280e-02,1.182185968020837280e-02,1.182185968020837280e-02,9.191858051510922931e-03,4.123913989966224467e-05,4.123913989966224467e-05
1.473853252048231699e+00,1.473853252048231699e+00,7.604350604079974929e-02,7.604350604079974929e-02,7.604350604079974929e-02,1.508129992560197641e-02,1.508129992560197641e-02,1.508129992560197641e-02,1.508129992560197641e-02,5.828738819604199588e-03,5.828738819604199588e-03
3.060720996041749409e+00,2.744962123201110174e-02,2.744962123201110174e-02,2.744962123201110174e-02,1.732733142556674337e-04,1.732733142556674337e-04,1.732733142556674337e-04,1.732733142556674337e-04,1.732733142556674337e-04,1.732733142556674337e-04,1.732733142556674337e-04
1.187757977789865915e+00,1.061363769053518924e+00,1.061363769053518924e+00,1.061363769053518924e+00,1.061363769053518924e+00,1.061363769053518924e+00,1.278993642098364206e-02,1.278993642098364206e-02,1.278993642098364206e-02,3.036603396190302485e-03,3.036603396190302485e-03
9.794026688410764070e-01,5.547468529093431133e-01,5.547468529093431133e-01,5.547468529093431133e-01,5.547468529093431133e-01,5.547468529093431133e-01,5.547468529093431133e-01,3.693311340055520364e-02,3.693311340055520364e-02,3.693311340055520364e-02,3.693311340055520364e-02
7.406474176364397088e-01,7.406474176364397088e-01,7.406474176364397088e-01,7.406474176364397088e-01,4.550591637109129700e-02,4.550591637109129700e-02,4.550591637109129700e-02,4.550591637109129700e-02,4.550591637109129700e-02,4.550591637109129700e-02,4.550591637109129700e-02
3.094985631967597239e-01,3.094985631967597239e-01,3.094985631967597239e-01,3.094985631967597239e-01,3.094985631967597239e-01,3.094985631967597239e-01,3.094985631967597239e-01,3.094985631967597239e-01,9.897883424018443302e-03,9.897883424018443302e-03,9.897883424018443302e-03
1.164644401754790226e-01,1.164644401754790226e-01,1.299347436961712486e-04,1.299347436961712486e-04,1.299347436961712486e-04,1.299347436961712486e-04,1.299347436961712486e-04,1.299347436961712486e-04,1.299347436961712486e-04,1.299347436961712486e-04,1.299347436961712486e-04
1.529853227795504367e+00,4.639217989088450372e-02,4.639217989088450372e-02,1.328796828146917505e-02,2.596594069576021947e-05,2.596594069576021947e-05,2.596594069576021947e-05,2.596594069576021947e-05,2.596594069576021947e-05,2.596594069576021947e-05,2.596594069576021947e-05
3.994351277004993817e-01,3.994351277004993817e-01,3.994351277004993817e-01,3.994351277004993817e-01,3.994351277004993817e-01,3.994351277004993817e-01,3.994351277004993817e-01,3.994351277004993817e-01,3.994351277004993817e-01,3.994351277004993817e-01,3.994351277004993817e-01
