2.788549925295356890e-02,2.788549925295356890e-02,2.788549925295356890e-02,2.788549925295356890e-02,1.394886507128587083e-03,1.394886507128587083e-03,1.394886507128587083e-03,1.394886507128587083e-03,1.394886507128587083e-03,1.394886507128587083e-03,1.394886507128587083e-03
3.442413175490051103e-01,3.825570315242593890e-04,3.825570315242593890e-04,3.825570315242593890e-04,1.812658654060828479e-04,1.812658654060828479e-04,1.812658654060828479e-04,1.812658654060828479e-04,1.812658654060828479e-04,1.812658654060828479e-04,1.812658654060828479e-04
2.223412409594911487e+00,2.223412409594911487e+00,1.021019384410070119e+00,9.856220779660681552e-01,1.730047120374787143e-04,1.730047120374787143e-04,1.730047120374787143e-04,1.730047120374787143e-04,1.730047120374787143e-04,1.730047120374787143e-04,1.730047120374787143e-04
4.024919613514135186e-01,3.825570315242593890e-04,3.825570315242593890e-04,3.825570315242593890e-04,1.838066576725548790e-04,1.838066576725548790e-04,1.838066576725548790e-04,1.838066576725548790e-04,1.838066576725548790e-04,1.838066576725548790e-04,1.838066576725548790e-04
3.235998677499687393e+00,3.221677097727050132e+00,1.524154789157510459e+00,1.341642049342114396e+00,1.304011139651291451e+00,7.996055609087233673e-01,3.549559178256071063e-02,3.549559178256071063e-02,3.171744671698833052e-03,3.171744671698833052e-03,3.171744671698833052e-03
9.898658926219738863e-01,9.898658926219738863e-01,9.858273738823990495e-01,9.858273738823990495e-01,9.804895562380078200e-01,9.804895562380078200e-01,9.176556317255950557e-01,7.845771101823557636e-01,4.802022559040224348e-01,5.300924788782111763e-02,5.300924788782111763e-02
1.585199725277653071e+00,1.021766322231388635e+00,1.021766322231388635e+00,1.021766322231388635e+00,1.021766322231388635e+00,2.371149981812812387e-03,2.371149981812812387e-03,2.371149981812812387e-03,2.371149981812812387e-03,2.371149981812812387e-03,2.371149981812812387e-03
1.915535202356092870e-01,1.868020107539648256e-01,1.809309683619622355e-01,1.236602696271776741e-01,2.132640330913382343e-02,6.224003138523008689e-03,6.224003138523008689e-03,6.224003138523008689e-03,1.348397995760318262e-03,1.348397995760318262e-03,1.348397995760318262e-03
3.214612647115326106e-03,3.214612647115326106e-03,3.214612647115326106e-03,3.214612647115326106e-03,3.214612647115326106e-03,3.214612647115326106e-03,3.214612647115326106e-03,3.214612647115326106e-03,1.271572810012192034e-04,1.271572810012192034e-04,1.271572810012192034e-04
7.765354632926299572e-02,7.765354632926299572e-02,7.437415407782874133e-02,7.064029524862906750e-02,9.339333822192642321e-05,9.339333822192642321e-05,9.339333822192642321e-05,9.339333822192642321e-05,9.339333822192642321e-05,9.339333822192642321e-05,9.339333822192642321e-05
8.568798895289791995e-01,8.568798895289791995e-01,8.568798895289791995e-01,8.568798895289791995e-01,2.111926592936711755e-01,1.115619673420196328e-03,1.115619673420196328e-03,1.115619673420196328e-03,1.115619673420196328e-03,1.115619673420196328e-03,1.115619673420196328e-03
1.246109014340919252e+00,1.246109014340919252e+00,1.047690401299271601e+00,6.625599636249233093e-01,4.623847525189292984e-01,5.343410031145794797e-02,6.163256540610922930e-05,6.163256540610922930e-05,6.163256540610922930e-05,6.163256540610922930e-05,6.163256540610922930e-05
9.911907625475428751e-02,9.560170326388635342e-02,9.560170326388635342e-02,9.150694464885765489e-02,5.568903945396268262e-02,1.152813469571645818e-03,1.152813469571645818e-03,1.152813469571645818e-03,1.152813469571645818e-03,1.152813469571645818e-03,1.152813469571645818e-03
1.416475284779133148e-01,1.309451948429507517e-01,7.720215587146876668e-02,6.952353780971447239e-02,2.036189645608748461e-02,2.036189645608748461e-02,2.036189645608748461e-02,2.036189645608748461e-02,2.036189645608748461e-02,7.364733290003157816e-03,7.364733290003157816e-03
1.087844292337735830e+00,1.021766322231388635e+00,1.021766322231388635e+00,1.021766322231388635e+00,9.804135082389938693e-01,9.804135082389938693e-01,9.804135082389938693e-01,9.804135082389938693e-01,8.464089314692019306e-01,6.790527643031287752e-01,3.595027505790016065e-01
1.172262329391282387e+00,1.164942934470251101e+00,1.164942934470251101e+00,1.155974974195783878e+00,1.088957070857375475e+00,9.927054954561121969e-01,9.927054954561121969e-01,9.927054954561121969e-01,9.825116072404059819e-01,9.825116072404059819e-01,9.825116072404059819e-01
1.473853252048231699e+00,1.454189590957776224e+00,1.407628843756646431e+00,1.399573424020917223e+00,1.286885199360773724e+00,1.076977019850090311e+00,1.478648898594612723e-03,1.478648898594612723e-03,1.478648898594612723e-03,1.478648898594612723e-03,1.478648898594612723e-03
3.060720996041749409e+00,2.719581991048373393e+00,2.693941491273693867e+00,2.013522913434600881e+00,1.089712062989711461e+00,9.950806155613742821e-01,9.794373714211820348e-01,2.255244287227733402e-01,2.255244287227733402e-01,1.329023376443101440e-03,1.329023376443101440e-03
1.187757977789865915e+00,1.187757977789865915e+00,1.187757977789865915e+00,1.140411890971797293e+00,1.130149714600206412e+00,4.991239428598516215e-01,1.596766521942184491e-01,1.328582267520951044e-01,4.764479208903427826e-04,4.764479208903427826e-04,4.764479208903427826e-04
9.794026688410764070e-01,9.794026688410764070e-01,4.082024714402174292e-01,8.006713925516738273e-02,8.006713925516738273e-02,8.006713925516738273e-02,7.718726211732089559e-02,7.718726211732089559e-02,1.291701127267534969e-03,1.291701127267534969e-03,1.291701127267534969e-03
7.406474176364397088e-01,3.825570315242593890e-04,3.825570315242593890e-04,2.028191588129389525e-04,6.977500677501532447e-05,6.977500677501532447e-05,6.977500677501532447e-05,6.977500677501532447e-05,6.977500677501532447e-05,6.977500677501532447e-05,6.977500677501532447e-05
3.094985631967597239e-01,2.147957336403484296e-01,2.147957336403484296e-01,1.828390490473060237e-01,1.730047120374787143e-04,1.730047120374787143e-04,1.730047120374787143e-04,1.730047120374787143e-04,1.730047120374787143e-04,1.730047120374787143e-04,1.730047120374787143e-04
1.164644401754790226e-01,1.127855566625362849e-01,1.127855566625362849e-01,1.081372959562627717e-01,7.367386683094033495e-02,5.994273013897602275e-06,5.994273013897602275e-06,5.994273013897602275e-06,5.994273013897602275e-06,5.994273013897602275e-06,5.994273013897602275e-06
1.529853227795504367e+00,1.491013027218477394e+00,1.394894812539070994e+00,1.057180248164153458e+00,9.803779089097273136e-01,9.803779089097273136e-01,9.803779089097273136e-01,9.803779089097273136e-01,9.803779089097273136e-01,9.803779089097273136e-01,9.803779089097273136e-01
3.994351277004993817e-01,3.825570315242593890e-04,3.825570315242593890e-04,3.825570315242593890e-04,1.841223991740709100e-04,1.841223991740709100e-04,1.841223991740709100e-04,1.841223991740709100e-04,1.841223991740709100e-04,1.841223991740709100e-04,1.841223991740709100e-04
