2.788549925295356890e-02,2.788549925295356890e-02,1.931367082171013398e-04,1.931367082171013398e-04,1.931367082171013398e-04,1.931367082171013398e-04,1.931367082171013398e-04,1.931367082171013398e-04,1.931367082171013398e-04,1.931367082171013398e-04,1.931367082171013398e-04
3.442413175490051103e-01,3.442413175490051103e-01,1.366441335183221917e-01,5.472420571186856902e-02,3.850611825215402725e-04,4.709430999554278530e-05,4.709430999554278530e-05,4.709430999554278530e-05,4.709430999554278530e-05,4.709430999554278530e-05,4.709430999554278530e-05
2.223412409594911487e+00,1.208653610407001588e+00,9.803169408791435613e-01,9.803169408791435613e-01,9.803169408791435613e-01,3.368072827411928150e-01,6.026156296814744878e-02,1.029656247444501321e-02,1.690986863502904605e-03,1.690986863502904605e-03,8.135068332069108829e-04
4.024919613514135186e-01,4.024919613514135186e-01,5.416851241524369559e-02,5.416851241524369559e-02,3.528005630074641189e-03,4.542806584479683980e-04,3.744302524604210900e-04,3.744302524604210900e-04,3.744302524604210900e-04,3.744302524604210900e-04,3.744302524604210900e-04
3.235998677499687393e+00,3.235998677499687393e+00,3.235998677499687393e+00,3.235998677499687393e+00,1.109178794443284710e+00,9.849117029050081795e-01,9.849117029050081795e-01,9.849117029050081795e-01,9.648435952367425683e-01,3.880061599651194459e-01,1.038730653243951085e-01
9.898658926219738863e-01,9.898658926219738863e-01,9.898658926219738863e-01,9.898658926219738863e-01,1.894011455964319524e-01,4.505042046765254937e-02,8.544357975488425100e-03,8.544357975488425100e-03,4.108545292690045391e-04,2.552021434637184576e-07,2.552021434637184576e-07
1.585199725277653071e+00,1.585199725277653071e+00,5.309746316606819283e-01,8.006713925516738273e-02,5.535665786670366378e-03,9.283861469976386824e-04,9.283861469976386824e-04,9.283861469976386824e-04,7.327521740309111357e-05,7.327521740309111357e-05,7.327521740309111357e-05
1.915535202356092870e-01,1.329128158408763305e-01,4.684968262483538842e-02,1.812956729838429912e-02,1.107669537704094828e-04,1.107669537704094828e-04,1.107669537704094828e-04,1.107669537704094828e-04,1.107669537704094828e-04,1.107669537704094828e-04,1.107669537704094828e-04
3.214612647115326106e-03,3.214612647115326106e-03,3.214612647115326106e-03,3.214612647115326106e-03,3.214612647115326106e-03,3.214612647115326106e-03,3.214612647115326106e-03,3.214612647115326106e-03,3.214612647115326106e-03,3.214612647115326106e-03,3.214612647115326106e-03
7.765354632926299572e-02,7.507657817939848710e-02,1.941438915114263725e-02,1.941438915114263725e-02,5.154966530947674474e-05,5.154966530947674474e-05,5.154966530947674474e-05,5.154966530947674474e-05,2.968178659849006449e-05,2.844322575419317675e-05,2.844322575419317675e-05
8.568798895289791995e-01,1.109563905168353508e-02,6.758364221747304758e-04,2.667050073724517992e-06,2.667050073724517992e-06,2.667050073724517992e-06,2.667050073724517992e-06,2.667050073724517992e-06,2.667050073724517992e-06,2.667050073724517992e-06,2.667050073724517992e-06
1.246109014340919252e+00,9.807793625471655785e-01,9.807793625471655785e-01,9.807793625471655785e-01,9.807793625471655785e-01,9.807793625471655785e-01,8.457498156653642241e-03,2.101793032986962358e-03,9.069692684305960930e-04,7.093025737350553209e-04,6.484380198153578924e-04
9.911907625475428751e-02,9.911907625475428751e-02,3.169196836921774757e-02,1.047011061902009509e-02,2.375788615731583113e-04,2.375788615731583113e-04,2.375788615731583113e-04,2.375788615731583113e-04,2.375788615731583113e-04,2.375788615731583113e-04,2.375788615731583113e-04
1.416475284779133148e-01,2.697656479636707620e-03,1.463487937495962449e-03,1.463487937495962449e-03,4.141217552107473335e-04,4.141217552107473335e-04,4.141217552107473335e-04,4.141217552107473335e-04,4.141217552107473335e-04,4.141217552107473335e-04,4.141217552107473335e-04
1.087844292337735830e+00,1.087844292337735830e+00,1.039105434848378584e+00,1.039105434848378584e+00,1.039105434848378584e+00,1.160284064298696821e-01,2.523359479558890534e-02,4.201131170566356487e-03,3.060363720352065513e-04,3.176441467420607463e-05,3.176441467420607463e-05
1.172262329391282387e+00,9.806462822150833203e-01,9.806462822150833203e-01,9.806462822150833203e-01,8.362397660039981862e-01,1.900814210371655488e-01,4.523528200889118112e-02,7.938430868236513727e-03,4.214159476687617313e-04,3.746951032300684530e-07,3.746951032300684530e-07
1.473853252048231699e+00,1.289096403614812036e+00,1.140383168305363792e+00,8.381378944635551331e-01,1.193604779062427124e-01,2.205653756756475320e-02,1.968930425922710108e-03,1.968930425922710108e-03,5.423091735371750555e-05,2.512636791118163675e-06,2.512636791118163675e-06
3.060720996041749409e+00,1.931462328492772107e+00,1.190332314828258742e+00,9.794099004451641832e-01,9.794099004451641832e-01,8.599546099872633631e-01,1.217761903478494084e-01,2.590567677641480299e-02,5.130247740914769747e-03,4.921841595993954425e-04,1.199348496740434386e-04
1.187757977789865915e+00,1.084991675082709994e+00,7.280639865439957337e-01,4.697768454277689854e-01,1.264868465203635578e-02,1.264868465203635578e-02,2.647251475479923868e-03,2.647251475479923868e-03,1.452910963193999351e-03,1.202769275973123711e-03,9.991599198310634287e-04
9.794026688410764070e-01,9.794026688410764070e-01,9.794026688410764070e-01,9.794026688410764070e-01,9.794026688410764070e-01,1.070209217593738882e-01,2.937098721974052556e-02,5.187453469870625770e-03,2.808974285278153420e-04,1.271973272533186367e-06,1.271973272533186367e-06
7.406474176364397088e-01,5.120145584017298246e-01,2.348260666687646270e-01,1.101923835672005969e-01,1.247459963877259337e-04,1.247459963877259337e-04,1.247459963877259337e-04,1.247459963877259337e-04,1.247459963877259337e-04,1.247459963877259337e-04,1.247459963877259337e-04
3.094985631967597239e-01,3.094985631967597239e-01,2.520098012570703289e-04,2.520098012570703289e-04,2.520098012570703289e-04,2.520098012570703289e-04,2.520098012570703289e-04,2.520098012570703289e-04,2.520098012570703289e-04,2.520098012570703289e-04,2.520098012570703289e-04
1.164644401754790226e-01,1.120751358777777734e-01,1.120751358777777734e-01,1.120751358777777734e-01,1.236192949563775893e-02,1.677149166377126443e-03,1.236282309775394795e-04,1.236282309775394795e-04,1.259443690106937792e-05,1.259443690106937792e-05,1.259443690106937792e-05
1.529853227795504367e+00,1.529853227795504367e+00,1.529853227795504367e+00,1.030429707839069842e+00,1.030429707839069842e+00,1.030429707839069842e+00,3.288928467252082433e-01,8.466152528442555392e-02,1.690097752545395224e-02,2.667699483108265136e-03,8.434140111129674925e-05
3.994351277004993817e-01,1.543064985786970350e-02,1.543064985786970350e-02,3.167048992420729578e-04,6.012073234235257895e-08,6.012073234235257895e-08,6.012073234235257895e-08,6.012073234235257895e-08,6.012073234235257895e-08,6.012073234235257895e-08,6.012073234235257895e-08
