2.788549925295356890e-02,2.788549925295356890e-02,2.788549925295356890e-02,2.788549925295356890e-02,7.603482444901824315e-04,7.603482444901824315e-04,7.603482444901824315e-04,7.603482444901824315e-04,7.603482444901824315e-04,7.603482444901824315e-04,2.098864853009999910e-04
3.442413175490051103e-01,3.825570315242593890e-04,3.825570315242593890e-04,3.825570315242593890e-04,1.819730698195685980e-04,2.983305850417574420e-05,2.983305850417574420e-05,2.983305850417574420e-05,2.983305850417574420e-05,2.983305850417574420e-05,2.983305850417574420e-05
2.223412409594911487e+00,2.223412409594911487e+00,1.021019384410070119e+00,5.576515226807892134e-01,5.505578687970638097e-01,1.875229371567365966e-01,3.412755230669652605e-03,3.412755230669652605e-03,3.412755230669652605e-03,3.412755230669652605e-03,5.489867840035550614e-05
4.024919613514135186e-01,3.825570315242593890e-04,3.825570315242593890e-04,3.825570315242593890e-04,1.838294455617524965e-04,3.871123518627865774e-05,3.871123518627865774e-05,3.871123518627865774e-05,3.871123518627865774e-05,3.871123518627865774e-05,3.871123518627865774e-05
3.235998677499687393e+00,3.221677097727050132e+00,1.524154789157510459e+00,1.341642049342114396e+00,1.304011139651291451e+00,7.996059074657277943e-01,3.552028546464726377e-02,7.947668432232557869e-04,1.159707904975799269e-04,1.159707904975799269e-04,1.105074885252578217e-04
9.898658926219738863e-01,9.898658926219738863e-01,9.858273738823990495e-01,9.858273738823990495e-01,9.804895562380078200e-01,9.804895562380078200e-01,9.176556317255950557e-01,7.845771101823557636e-01,4.802021537623480385e-01,1.920798465553291267e-03,1.240611353934285754e-05
1.585199725277653071e+00,1.021766322231388635e+00,1.021766322231388635e+00,1.021766322231388635e+00,1.021766322231388635e+00,2.371149981812812387e-03,2.371149981812812387e-03,2.371149981812812387e-03,1.870530848350906282e-06,1.870530848350906282e-06,1.870530848350906282e-06
1.915535202356092870e-01,1.868020107539648256e-01,1.809283988633566820e-01,1.236493581970988520e-01,2.132640330913382343e-02,6.224256464900051675e-03,3.412755230669652605e-03,3.412755230669652605e-03,3.412755230669652605e-03,3.412755230669652605e-03,1.977062239532425278e-05
3.214612647115326106e-03,3.214612647115326106e-03,3.214612647115326106e-03,3.214612647115326106e-03,3.214612647115326106e-03,3.214612647115326106e-03,3.214612647115326106e-03,3.214612647115326106e-03,2.352145860665760758e-05,2.352145860665760758e-05,2.352145860665760758e-05
7.765354632926299572e-02,7.765354632926299572e-02,7.437415407782874133e-02,7.063979214932453177e-02,9.325688884335298079e-05,9.325688884335298079e-05,9.325688884335298079e-05,9.325688884335298079e-05,9.325688884335298079e-05,9.325688884335298079e-05,9.325688884335298079e-05
8.568798895289791995e-01,8.568798895289791995e-01,8.568798895289791995e-01,8.568798895289791995e-01,2.111926592936711755e-01,6.052589433479389248e-03,6.161687697167755602e-05,6.161687697167755602e-05,6.161687697167755602e-05,6.161687697167755602e-05,6.161687697167755602e-05
1.246109014340919252e+00,1.246109014340919252e+00,1.047690401299271601e+00,1.013299376233147031e+00,1.730047120374787143e-04,1.730047120374787143e-04,1.730047120374787143e-04,1.730047120374787143e-04,2.445574710092197300e-06,2.445574710092197300e-06,2.445574710092197300e-06
9.911907625475428751e-02,9.560170326388635342e-02,9.560170326388635342e-02,9.150607551396400252e-02,5.568503037955487706e-02,5.193232761785748297e-04,5.193232761785748297e-04,5.193232761785748297e-04,5.193232761785748297e-04,5.193232761785748297e-04,5.193232761785748297e-04
1.416475284779133148e-01,1.309451948429507517e-01,7.720215587146876668e-02,6.959250901985344906e-02,1.084853771403234204e-02,1.084853771403234204e-02,1.084853771403234204e-02,1.084853771403234204e-02,1.084853771403234204e-02,3.031845407278481799e-03,3.031845407278481799e-03
1.087844292337735830e+00,1.021766322231388635e+00,1.021766322231388635e+00,1.021766322231388635e+00,9.804135082389938693e-01,9.804135082389938693e-01,9.804135082389938693e-01,9.804135082389938693e-01,8.464089314692019306e-01,6.790527643031287752e-01,3.595027505790016065e-01
1.172262329391282387e+00,1.164942934470251101e+00,1.164942934470251101e+00,1.155975073793562125e+00,1.088954262479822299e+00,9.927100629676699484e-01,9.927100629676699484e-01,9.927100629676699484e-01,9.834395856784944323e-01,9.834395856784944323e-01,1.050743147970015570e-02
1.473853252048231699e+00,1.454189590957776224e+00,1.407628843756646431e+00,1.399589980989546234e+00,1.286964579502987149e+00,1.077260112009629456e+00,1.523157493193311087e-03,3.039584837828212502e-05,3.039584837828212502e-05,3.039584837828212502e-05,3.039584837828212502e-05
3.060720996041749409e+00,2.719581991048373393e+00,2.693877562513902646e+00,2.012833452787982758e+00,1.089074898872535835e+00,9.952455189492043219e-01,9.794353139253082485e-01,2.255244287227733402e-01,4.581418139119453059e-02,7.116006009626604442e-03,6.273602661652501427e-06
1.187757977789865915e+00,1.187757977789865915e+00,1.187757977789865915e+00,1.140411890971797293e+00,1.130149714600206412e+00,4.991250305953466859e-01,1.596777802131590929e-01,5.161468221473213469e-04,5.161468221473213469e-04,5.161468221473213469e-04,5.161468221473213469e-04
9.794026688410764070e-01,9.794026688410764070e-01,4.082024714402174292e-01,8.006713925516738273e-02,8.006713925516738273e-02,8.006713925516738273e-02,7.718726211732089559e-02,5.627907020988325362e-03,5.627907020988325362e-03,5.627907020988325362e-03,1.985125796885108972e-04
7.406474176364397088e-01,3.825570315242593890e-04,3.825570315242593890e-04,1.354266446728533566e-05,1.354266446728533566e-05,1.354266446728533566e-05,1.354266446728533566e-05,1.354266446728533566e-05,1.354266446728533566e-05,1.354266446728533566e-05,1.354266446728533566e-05
3.094985631967597239e-01,2.147957336403484296e-01,2.147957336403484296e-01,1.828380339563056567e-01,1.730047120374787143e-04,1.730047120374787143e-04,1.730047120374787143e-04,1.730047120374787143e-04,9.377130078604005751e-05,9.377130078604005751e-05,6.004665438652752669e-07
1.164644401754790226e-01,1.127855566625362849e-01,1.127855566625362849e-01,1.081362173532339627e-01,7.366980179138293838e-02,2.645028833325763652e-04,1.119264795407589344e-04,1.119264795407589344e-04,1.119264795407589344e-04,1.119264795407589344e-04,1.119264795407589344e-04
1.529853227795504367e+00,1.491013027218477394e+00,1.394894812539070994e+00,1.057180248164153458e+00,9.803779089097273136e-01,9.803779089097273136e-01,9.803779089097273136e-01,9.803779089097273136e-01,9.803779089097273136e-01,9.803779089097273136e-01,9.803779089097273136e-01
3.994351277004993817e-01,3.825570315242593890e-04,3.825570315242593890e-04,3.825570315242593890e-04,1.836708594073884696e-04,3.010895113177075924e-05,3.010895113177075924e-05,3.010895113177075924e-05,3.010895113177075924e-05,3.010895113177075924e-05,3.010895113177075924e-05
