2.788549925295356890e-02,2.788549925295356890e-02,1.287185604280105186e-02,1.287185604280105186e-02,7.145494536805686771e-04,7.145494536805686771e-04,7.145494536805686771e-04,7.145494536805686771e-04,7.145494536805686771e-04,7.145494536805686771e-04,7.145494536805686771e-04
3.442413175490051103e-01,3.442413175490051103e-01,3.442413175490051103e-01,3.442413175490051103e-01,3.442413175490051103e-01,3.442413175490051103e-01,3.442413175490051103e-01,3.442413175490051103e-01,3.442413175490051103e-01,3.442413175490051103e-01,2.397339158554356517e-02
2.223412409594911487e+00,7.410828110109631828e-01,7.410828110109631828e-01,7.410828110109631828e-01,7.410828110109631828e-01,7.410828110109631828e-01,7.410828110109631828e-01,7.410828110109631828e-01,7.410828110109631828e-01,4.491743091213568073e-01,1.281124985882592035e-02
4.024919613514135186e-01,4.024919613514135186e-01,4.024919613514135186e-01,4.024919613514135186e-01,8.800524276709575933e-03,8.800524276709575933e-03,8.800524276709575933e-03,8.800524276709575933e-03,8.800524276709575933e-03,8.800524276709575933e-03,8.800524276709575933e-03
3.235998677499687393e+00,1.624151560547948403e+00,1.624151560547948403e+00,1.458813684950994283e+00,5.328306191711457140e-03,5.328306191711457140e-03,5.328306191711457140e-03,5.328306191711457140e-03,4.782752718351390882e-03,4.782752718351390882e-03,4.782752718351390882e-03
9.898658926219738863e-01,9.898658926219738863e-01,9.851395825356609182e-01,9.851395825356609182e-01,9.851395825356609182e-01,9.851395825356609182e-01,9.851395825356609182e-01,2.914672560820254915e-02,2.914672560820254915e-02,1.656432348116064241e-04,1.656432348116064241e-04
1.585199725277653071e+00,1.585199725277653071e+00,7.424357916857600014e-05,7.424357916857600014e-05,7.424357916857600014e-05,7.424357916857600014e-05,7.424357916857600014e-05,7.424357916857600014e-05,7.424357916857600014e-05,7.424357916857600014e-05,7.424357916857600014e-05
1.915535202356092870e-01,1.915535202356092870e-01,1.622950886419005645e-03,1.622950886419005645e-03,1.622950886419005645e-03,1.622950886419005645e-03,1.622950886419005645e-03,1.622950886419005645e-03,1.622950886419005645e-03,1.533756746409204244e-03,3.150073328932486229e-07
3.214612647115326106e-03,3.214612647115326106e-03,3.214612647115326106e-03,3.214612647115326106e-03,3.214612647115326106e-03,3.214612647115326106e-03,3.214612647115326106e-03,3.214612647115326106e-03,3.214612647115326106e-03,4.481623504770890242e-04,4.481623504770890242e-04
7.765354632926299572e-02,4.116245032933308484e-02,4.116245032933308484e-02,1.328796828146917505e-02,1.328796828146917505e-02,1.328796828146917505e-02,1.328796828146917505e-02,1.328796828146917505e-02,1.328796828146917505e-02,1.912908419251826237e-03,1.912908419251826237e-03
8.568798895289791995e-01,8.568798895289791995e-01,8.568798895289791995e-01,8.568798895289791995e-01,7.511566530755114934e-02,7.511566530755114934e-02,7.511566530755114934e-02,2.379876825160570034e-03,2.379876825160570034e-03,2.379876825160570034e-03,2.379876825160570034e-03
1.246109014340919252e+00,1.246109014340919252e+00,4.926489111048152347e-01,4.926489111048152347e-01,2.725734749781360405e-02,2.725734749781360405e-02,2.725734749781360405e-02,2.725734749781360405e-02,2.725734749781360405e-02,1.676129237962863117e-02,1.676129237962863117e-02
9.911907625475428751e-02,9.911907625475428751e-02,9.911907625475428751e-02,9.911907625475428751e-02,9.911907625475428751e-02,9.911907625475428751e-02,6.757907970431385920e-03,6.757907970431385920e-03,5.279622649587546387e-03,2.275629954685627659e-05,2.275629954685627659e-05
1.416475284779133148e-01,2.248949579695186472e-03,2.248949579695186472e-03,2.248949579695186472e-03,2.248949579695186472e-03,2.248949579695186472e-03,2.248949579695186472e-03,2.248949579695186472e-03,2.248949579695186472e-03,2.248949579695186472e-03,2.248949579695186472e-03
1.087844292337735830e+00,1.025741867870203633e-02,1.025741867870203633e-02,1.025741867870203633e-02,1.025741867870203633e-02,1.025741867870203633e-02,1.025741867870203633e-02,1.025741867870203633e-02,8.527878066597405562e-03,1.991699060248245520e-05,1.991699060248245520e-05
1.172262329391282387e+00,2.378642120638278790e-01,2.378642120638278790e-01,2.378642120638278790e-01,2.255721124023136841e-03,2.255721124023136841e-03,2.255721124023136841e-03,2.255721124023136841e-03,2.255721124023136841e-03,2.255721124023136841e-03,2.255721124023136841e-03
1.473853252048231699e+00,1.473853252048231699e+00,4.716250235046696992e-02,4.716250235046696992e-02,4.716250235046696992e-02,2.944769077194936760e-02,2.944769077194936760e-02,2.944769077194936760e-02,2.944769077194936760e-02,2.944769077194936760e-02,2.944769077194936760e-02
3.060720996041749409e+00,2.238437211944090816e-02,2.238437211944090816e-02,2.238437211944090816e-02,5.205298673454171980e-06,5.205298673454171980e-06,5.205298673454171980e-06,5.205298673454171980e-06,5.205298673454171980e-06,5.205298673454171980e-06,5.205298673454171980e-06
1.187757977789865915e+00,1.063188129829712336e+00,1.063188129829712336e+00,9.805789456375004765e-01,9.805789456375004765e-01,9.805789456375004765e-01,9.805789456375004765e-01,9.805789456375004765e-01,9.805789456375004765e-01,4.655784917376272203e-01,1.288958768945368261e-01
9.794026688410764070e-01,9.794026688410764070e-01,9.794026688410764070e-01,9.794026688410764070e-01,9.794026688410764070e-01,9.794026688410764070e-01,9.794026688410764070e-01,9.794026688410764070e-01,9.794026688410764070e-01,9.794026688410764070e-01,1.466820506546982067e-02
7.406474176364397088e-01,7.406474176364397088e-01,7.406474176364397088e-01,7.406474176364397088e-01,7.406474176364397088e-01,7.406474176364397088e-01,2.008445218034504431e-01,2.008445218034504431e-01,2.008445218034504431e-01,2.008445218034504431e-01,2.008445218034504431e-01
3.094985631967597239e-01,3.094985631967597239e-01,3.094985631967597239e-01,1.285474330483602802e-02,1.285474330483602802e-02,1.285474330483602802e-02,1.233834181467109541e-02,1.233834181467109541e-02,1.233834181467109541e-02,1.320688830048160858e-06,1.320688830048160858e-06
1.164644401754790226e-01,1.164644401754790226e-01,1.299348381760130318e-04,1.299348381760130318e-04,1.299348381760130318e-04,1.299348381760130318e-04,1.299348381760130318e-04,1.299348381760130318e-04,1.299348381760130318e-04,1.299348381760130318e-04,1.299348381760130318e-04
1.529853227795504367e+00,4.639217862435918854e-02,4.639217862435918854e-02,1.328796828146917505e-02,2.596594428401458759e-05,2.596594428401458759e-05,2.596594428401458759e-05,2.596594428401458759e-05,2.596594428401458759e-05,2.596594428401458759e-05,2.596594428401458759e-05
3.994351277004993817e-01,3.994351277004993817e-01,3.994351277004993817e-01,3.994351277004993817e-01,3.994351277004993817e-01,3.039627559586062858e-03,3.039627559586062858e-03,3.039627559586062858e-03,3.039627559586062858e-03,3.039627559586062858e-03,3.039627559586062858e-03
