-2.779197873733333379e-01,-2.779197873733333379e-01,-2.779197873733333379e-01,-4.471677901955570245e-01,-4.580154489602242807e-01,-1.248394014444136113e+00,-1.248394014444136113e+00,-1.370584452839799461e+00,-1.464245437769708280e+00,-1.479420965934944876e+00,-1.479420965934944876e+00
-1.484918594137581760e+00,-1.484918594137581760e+00,-1.487672755751119125e+00,-1.487672755751119125e+00,-1.487672755751119125e+00,-1.488510226006464654e+00,-1.488510226006464654e+00,-1.488510226006464654e+00,-1.488510226006464654e+00,-1.488510226006464654e+00,-1.488510226006464654e+00
-1.239311103442180206e+00,-1.239311103442180206e+00,-1.239311103442180206e+00,-1.352423645588765710e+00,-1.352423645588765710e+00,-1.423356341998549546e+00,-1.467471580618439075e+00,-1.487936056596073531e+00,-1.487936056596073531e+00,-1.487936056596073531e+00,-1.489072393778054337e+00
-1.148652604376763753e+00,-1.148652604376763753e+00,-1.148652604376763753e+00,-1.148652604376763753e+00,-1.347911011527628711e+00,-1.347911011527628711e+00,-1.481689378984047734e+00,-1.489045130319430532e+00,-1.489045130319430532e+00,-1.489045130319430532e+00,-1.489045130319430532e+00
-1.468017839605873620e+00,-1.468017839605873620e+00,-1.468017839605873620e+00,-1.468017839605873620e+00,-1.488153016921945682e+00,-1.488153016921945682e+00,-1.488153016921945682e+00,-1.488153016921945682e+00,-1.489058474548914379e+00,-1.489058474548914379e+00,-1.489058474548914379e+00
-1.106250811576581672e+00,-1.312058934941322530e+00,-1.410071622483159315e+00,-1.477595598645890407e+00,-1.489031007963592224e+00,-1.489031007963592224e+00,-1.489031007963592224e+00,-1.489031007963592224e+00,-1.489031007963592224e+00,-1.489031007963592224e+00,-1.489031007963592224e+00
9.058300823840457691e-03,0.000000000000000000e+00,-2.704344410993533288e-01,-2.704344410993533288e-01,-4.767756728902153851e-01,-6.257842687106809354e-01,-7.431160749639917906e-01,-1.147350448817425761e+00,-1.147350448817425761e+00,-1.147350448817425761e+00,-1.479096835270708121e+00
-7.591887581151413045e-02,-7.591887581151413045e-02,-3.893786238489517770e-01,-4.602719580887632556e-01,-4.602719580887632556e-01,-1.407489902779929469e+00,-1.482422831686061482e+00,-1.488895635579497334e+00,-1.488895635579497334e+00,-1.488895635579497334e+00,-1.489008552582285150e+00
-3.913146475504647448e-01,-3.913146475504647448e-01,-4.569818069323017817e-01,-4.569818069323017817e-01,-4.569818069323017817e-01,-1.122938221685438887e+00,-1.147435971804750654e+00,-1.147435971804750654e+00,-1.147435971804750654e+00,-1.147435971804750654e+00,-1.147435971804750654e+00
-1.001271903341409919e+00,-1.001271903341409919e+00,-1.001271903341409919e+00,-1.149385630531325031e+00,-1.149385630531325031e+00,-1.149385630531325031e+00,-1.149385630531325031e+00,-1.149385630531325031e+00,-1.149385630531325031e+00,-1.149385630531325031e+00,-1.149385630531325031e+00
-1.212426587380636578e+00,-1.250372295905459508e+00,-1.306811860940396697e+00,-1.349754029421944335e+00,-1.481822655831269486e+00,-1.481822655831269486e+00,-1.481822655831269486e+00,-1.481822655831269486e+00,-1.487714665279769033e+00,-1.487714665279769033e+00,-1.487714665279769033e+00
-1.872048152911989227e-01,-1.872048152911989227e-01,-2.509789098089388326e-01,-3.073648104948567550e-01,-8.988965280974966499e-01,-1.098266121447785126e+00,-1.150170088612950448e+00,-1.150170088612950448e+00,-1.150170088612950448e+00,-1.150170088612950448e+00,-1.150170088612950448e+00
-1.318992615366756382e+00,-1.318992615366756382e+00,-1.488401648033981672e+00,-1.488401648033981672e+00,-1.488401648033981672e+00,-1.488401648033981672e+00,-1.488401648033981672e+00,-1.488401648033981672e+00,-1.489006649670318261e+00,-1.489006649670318261e+00,-1.489006649670318261e+00
-4.601725318554445443e-01,-4.601725318554445443e-01,-4.601725318554445443e-01,-4.601725318554445443e-01,-4.601725318554445443e-01,-4.601725318554445443e-01,-1.102664103835510723e+00,-1.444879458061517630e+00,-1.444879458061517630e+00,-1.485353606173569929e+00,-1.488924782135715219e+00
-8.274624838819485406e-01,-1.143987671260138006e+00,-1.143987671260138006e+00,-1.149901738246020821e+00,-1.149901738246020821e+00,-1.149901738246020821e+00,-1.149901738246020821e+00,-1.149901738246020821e+00,-1.467925463154448718e+00,-1.487298716333699033e+00,-1.487298716333699033e+00
-6.967688049990090893e-02,-6.967688049990090893e-02,-9.188322072086452241e-02,-1.022845612637822033e+00,-1.022845612637822033e+00,-1.022845612637822033e+00,-1.022845612637822033e+00,-1.129555585593666756e+00,-1.150122583531659304e+00,-1.150122583531659304e+00,-1.150122583531659304e+00
3.044273617765445167e-02,3.044273617765445167e-02,-5.545570644695609897e-01,-9.422821737754397686e-01,-1.119253993192786512e+00,-1.145481990240899917e+00,-1.145481990240899917e+00,-1.145481990240899917e+00,-1.474399186974812759e+00,-1.474399186974812759e+00,-1.485344651415920314e+00
-9.163045956181400387e-01,-1.134340951318493662e+00,-1.134340951318493662e+00,-1.134340951318493662e+00,-1.149946261951443560e+00,-1.149946261951443560e+00,-1.149946261951443560e+00,-1.489057748935223024e+00,-1.489057748935223024e+00,-1.489057748935223024e+00,-1.489057748935223024e+00
-5.961303050418472749e-01,-5.961303050418472749e-01,-5.961303050418472749e-01,-5.961303050418472749e-01,-5.961303050418472749e-01,-6.112426002690545257e-01,-6.360218259398111584e-01,-9.176133390654387378e-01,-1.065208827768281852e+00,-1.137571626077092279e+00,-1.483965578057409918e+00
-6.182182148346797579e-01,-9.547747782513639203e-01,-1.077328759353475496e+00,-1.134625080477154713e+00,-1.143389771980627412e+00,-1.143389771980627412e+00,-1.143389771980627412e+00,-1.143389771980627412e+00,-1.143389771980627412e+00,-1.143389771980627412e+00,-1.143389771980627412e+00
-3.606913313964982826e-01,-4.360384930910412016e-01,-4.450708950611940162e-01,-4.450708950611940162e-01,-4.450708950611940162e-01,-1.011604048990798477e+00,-1.011604048990798477e+00,-1.443486558053030944e+00,-1.443486558053030944e+00,-1.487627542355535626e+00,-1.488845276949631646e+00
-4.525448964308952382e-01,-4.525448964308952382e-01,-4.525448964308952382e-01,-4.525448964308952382e-01,-4.525448964308952382e-01,-7.215545146872810456e-01,-7.215545146872810456e-01,-9.271362548010871896e-01,-1.041258913572093769e+00,-1.125690555695905593e+00,-1.148733092202683048e+00
-6.533381530244435353e-01,-1.319618174325122295e+00,-1.319618174325122295e+00,-1.319618174325122295e+00,-1.396028459266208221e+00,-1.440967789281578648e+00,-1.480196571492213176e+00,-1.488919352880717861e+00,-1.488919352880717861e+00,-1.488919352880717861e+00,-1.488939642042765188e+00
-1.326852617789792133e+00,-1.326852617789792133e+00,-1.448314441296606470e+00,-1.488973255326424328e+00,-1.488973255326424328e+00,-1.488973255326424328e+00,-1.488973255326424328e+00,-1.488973255326424328e+00,-1.489045162860194393e+00,-1.489045162860194393e+00,-1.489045162860194393e+00
-4.396897220679472085e-01,-4.396897220679472085e-01,-4.396897220679472085e-01,-4.396897220679472085e-01,-4.396897220679472085e-01,-7.427691925000087236e-01,-7.427691925000087236e-01,-9.543447888614210450e-01,-1.066310236456957661e+00,-1.136794365185817890e+00,-1.488784077338911827e+00
