-1.397637586667491050e+00,-1.397637586667491050e+00,-1.583783880563617963e+00,-1.598529148178563730e+00,-1.600785884060433872e+00,-1.600785884060433872e+00,-1.600785884060433872e+00,-1.601252500270780033e+00,-1.601252500270780033e+00,-1.601252500270780033e+00,-1.601281712456269268e+00
-1.077572596663919136e+00,-1.495919791712371882e+00,-1.495919791712371882e+00,-1.498317516914116965e+00,-1.598330385141968790e+00,-1.598330385141968790e+00,-1.601199351762375933e+00,-1.601199351762375933e+00,-1.601290524835262019e+00,-1.601290524835262019e+00,-1.601290524835262019e+00
1.292827591886069882e-01,-7.202758584443857970e-01,-8.096576274972839826e-01,-9.237883667068684801e-01,-1.164919182848295875e+00,-1.274112246946953242e+00,-1.348783856214650356e+00,-1.600579467467052375e+00,-1.600579467467052375e+00,-1.601121005124441332e+00,-1.601262728600145735e+00
-1.031864778866293797e+00,-1.495919791712371882e+00,-1.495919791712371882e+00,-1.511874365067721548e+00,-1.581401940740247980e+00,-1.598106916962860780e+00,-1.598106916962860780e+00,-1.601287813393581061e+00,-1.601287813393581061e+00,-1.601302488486505027e+00,-1.601302488486505027e+00
-3.575664975580465921e-01,-8.886102856087347845e-01,-1.132622870325842079e+00,-1.269416586443431250e+00,-1.269416586443431250e+00,-1.569808530765514298e+00,-1.569808530765514298e+00,-1.601247398615851303e+00,-1.601247398615851303e+00,-1.601247398615851303e+00,-1.601247398615851303e+00
-1.380041700483981337e+00,-1.380041700483981337e+00,-1.600574500436781733e+00,-1.600574500436781733e+00,-1.600574500436781733e+00,-1.600871479585240564e+00,-1.601307037321949345e+00,-1.601307037321949345e+00,-1.601307037321949345e+00,-1.601307037321949345e+00,-1.601307037321949345e+00
1.685589456255822682e-01,1.685589456255822682e-01,1.678847870592274916e-01,1.608130380862133890e-01,1.608130380862133890e-01,1.608130380862133890e-01,1.608130380862133890e-01,-6.163896011790850338e-01,-1.155827751308658335e+00,-1.245752289109448796e+00,-1.245752289109448796e+00
-1.206802059169041819e+00,-1.206802059169041819e+00,-1.556874686366496618e+00,-1.599956484815942659e+00,-1.599956484815942659e+00,-1.599956484815942659e+00,-1.599956484815942659e+00,-1.601273397564814793e+00,-1.601298249460467282e+00,-1.601298249460467282e+00,-1.601298249460467282e+00
-1.511895733543829223e+00,-1.511895733543829223e+00,-1.578889281173705861e+00,-1.601246261889845535e+00,-1.601246261889845535e+00,-1.601246261889845535e+00,-1.601246261889845535e+00,-1.601246261889845535e+00,-1.601246261889845535e+00,-1.601246261889845535e+00,-1.601301066993634059e+00
-1.580544528121400560e+00,-1.580544528121400560e+00,-1.599360926877253064e+00,-1.599847528466321833e+00,-1.600663023793529760e+00,-1.600663023793529760e+00,-1.600663023793529760e+00,-1.600663023793529760e+00,-1.600663023793529760e+00,-1.600663023793529760e+00,-1.601225280685712349e+00
-6.710668644460966448e-01,-6.710668644460966448e-01,-6.710668644460966448e-01,-6.710668644460966448e-01,-9.701107914829236734e-01,-1.167032218652812148e+00,-1.364448251689251101e+00,-1.600492231466112081e+00,-1.600492231466112081e+00,-1.600492231466112081e+00,-1.600492231466112081e+00
-1.649261381712672225e-01,-3.132466599384060579e-01,-3.132466599384060579e-01,-3.255065694518366470e-01,-5.823545768181173088e-01,-7.682221885947955187e-01,-9.236208643784422634e-01,-1.601117633016285957e+00,-1.601117633016285957e+00,-1.601117633016285957e+00,-1.601117633016285957e+00
-1.300127739368518220e+00,-1.557958932476127600e+00,-1.594715277271511411e+00,-1.594715277271511411e+00,-1.597578814448570306e+00,-1.601276819014472608e+00,-1.601276819014472608e+00,-1.601276819014472608e+00,-1.601276819014472608e+00,-1.601276819014472608e+00,-1.601282192371530577e+00
-1.595691489291375831e+00,-1.597679539170172802e+00,-1.597679539170172802e+00,-1.598637935817738054e+00,-1.598637935817738054e+00,-1.599059785903696351e+00,-1.601302374796338412e+00,-1.601302374796338412e+00,-1.601302374796338412e+00,-1.601302374796338412e+00,-1.601302374796338412e+00
3.613089018761317384e-01,-1.495919791712371882e+00,-1.495919791712371882e+00,-1.495919791712371882e+00,-1.495919791712371882e+00,-1.595996034732116264e+00,-1.595996034732116264e+00,-1.601277039899383858e+00,-1.601277039899383858e+00,-1.601305008744585479e+00,-1.601305008744585479e+00
-1.190708748609409895e+00,-1.268872303753434849e+00,-1.268872303753434849e+00,-1.268872303753434849e+00,-1.268872303753434849e+00,-1.268872303753434849e+00,-1.583179467897981141e+00,-1.583179467897981141e+00,-1.598667191307933777e+00,-1.598667191307933777e+00,-1.600328955726948443e+00
-4.562716797698591620e-01,-4.562716797698591620e-01,-9.494194011506014164e-01,-1.327521988820386412e+00,-1.601130140431640037e+00,-1.601130140431640037e+00,-1.601130140431640037e+00,-1.601130140431640037e+00,-1.601130140431640037e+00,-1.601130140431640037e+00,-1.601130140431640037e+00
-1.266357922621451415e+00,-1.266357922621451415e+00,-1.266357922621451415e+00,-1.266357922621451415e+00,-1.600803946876478534e+00,-1.600803946876478534e+00,-1.600803946876478534e+00,-1.600803946876478534e+00,-1.601272339800972944e+00,-1.601272339800972944e+00,-1.601274268669412137e+00
-1.142175859007315886e+00,-1.596716132090870488e+00,-1.600992399303037494e+00,-1.600992399303037494e+00,-1.600992399303037494e+00,-1.601241725474453759e+00,-1.601241725474453759e+00,-1.601241725474453759e+00,-1.601241725474453759e+00,-1.601241725474453759e+00,-1.601297026537354284e+00
3.576047220159859208e-01,3.576047220159859208e-01,-3.658466487116549537e-01,-7.339251826637847032e-01,-1.029826192866641676e+00,-1.226891943925446427e+00,-1.404521022542133402e+00,-1.601230092398187921e+00,-1.601230092398187921e+00,-1.601230092398187921e+00,-1.601230092398187921e+00
-1.505689973963328931e+00,-1.579814440228202166e+00,-1.579814440228202166e+00,-1.581623454038064480e+00,-1.599816629770481669e+00,-1.599816629770481669e+00,-1.599816629770481669e+00,-1.599816629770481669e+00,-1.599816629770481669e+00,-1.599816629770481669e+00,-1.601196712807675837e+00
-1.598205172934946461e+00,-1.601152694684349953e+00,-1.601152694684349953e+00,-1.601152694684349953e+00,-1.601152694684349953e+00,-1.601249597642798506e+00,-1.601249597642798506e+00,-1.601249597642798506e+00,-1.601249597642798506e+00,-1.601249597642798506e+00,-1.601306038374154639e+00
-1.280982792382041602e+00,-1.567288966572383480e+00,-1.580739264863321836e+00,-1.589237253709493203e+00,-1.600953179749723176e+00,-1.600953179749723176e+00,-1.600953179749723176e+00,-1.600953179749723176e+00,-1.600953179749723176e+00,-1.600953179749723176e+00,-1.600953179749723176e+00
-5.559480057907384420e-01,-7.865437466467728456e-01,-9.405694603188150538e-01,-1.044319828621510737e+00,-1.044319828621510737e+00,-1.271628130788549527e+00,-1.271628130788549527e+00,-1.271628130788549527e+00,-1.555308137804146007e+00,-1.555308137804146007e+00,-1.601276271128813100e+00
-1.588514837557777781e+00,-1.588514837557777781e+00,-1.589778896770634553e+00,-1.592950548130008137e+00,-1.601304956815045699e+00,-1.601304956815045699e+00,-1.601304956815045699e+00,-1.601304956815045699e+00,-1.601304956815045699e+00,-1.601304956815045699e+00,-1.601304956815045699e+00
