-1.397637586667491050e+00,-1.397637586667491050e+00,-1.397637586667491050e+00,-1.397637586667491050e+00,-1.599922249193396873e+00,-1.599922249193396873e+00,-1.599922249193396873e+00,-1.599922249193396873e+00,-1.599922249193396873e+00,-1.599922249193396873e+00,-1.599922249193396873e+00
-1.077572596663919136e+00,-1.077572596663919136e+00,-1.581353841864486576e+00,-1.581353841864486576e+00,-1.581353841864486576e+00,-1.581353841864486576e+00,-1.599859118437214178e+00,-1.599859118437214178e+00,-1.599859118437214178e+00,-1.599859118437214178e+00,-1.599859118437214178e+00
1.292827591886069882e-01,-6.684376614441687181e-01,-6.684376614441687181e-01,-1.088072051272805041e+00,-1.518840134775922834e+00,-1.600580292065143517e+00,-1.600580292065143517e+00,-1.600580292065143517e+00,-1.600580292065143517e+00,-1.600580292065143517e+00,-1.600580292065143517e+00
-1.031864778866293797e+00,-1.031864778866293797e+00,-1.031864778866293797e+00,-1.031864778866293797e+00,-1.595531985490746152e+00,-1.595531985490746152e+00,-1.595531985490746152e+00,-1.595531985490746152e+00,-1.595531985490746152e+00,-1.595531985490746152e+00,-1.595531985490746152e+00
-3.575664975580465921e-01,-4.794487527807693716e-01,-4.794487527807693716e-01,-1.272264196657715729e+00,-1.272264196657715729e+00,-1.599079844979447884e+00,-1.599079844979447884e+00,-1.599079844979447884e+00,-1.599079844979447884e+00,-1.599079844979447884e+00,-1.599079844979447884e+00
-1.380041700483981337e+00,-1.380041700483981337e+00,-1.581728001694372665e+00,-1.601126778494122327e+00,-1.601126778494122327e+00,-1.601126778494122327e+00,-1.601126778494122327e+00,-1.601126778494122327e+00,-1.601126778494122327e+00,-1.601126778494122327e+00,-1.601126778494122327e+00
1.685589456255822682e-01,-6.684608205966178218e-01,-6.684608205966178218e-01,-1.126055291182487927e+00,-1.264842033883033068e+00,-1.529363414191586834e+00,-1.598533485364355577e+00,-1.598533485364355577e+00,-1.598533485364355577e+00,-1.598533485364355577e+00,-1.598533485364355577e+00
-1.206802059169041819e+00,-1.206802059169041819e+00,-1.514801323820164747e+00,-1.597994820212075062e+00,-1.597994820212075062e+00,-1.597994820212075062e+00,-1.597994820212075062e+00,-1.597994820212075062e+00,-1.597994820212075062e+00,-1.597994820212075062e+00,-1.597994820212075062e+00
-1.511895733543829223e+00,-1.511895733543829223e+00,-1.600837139689582855e+00,-1.600837139689582855e+00,-1.600837139689582855e+00,-1.600837139689582855e+00,-1.600837139689582855e+00,-1.600837139689582855e+00,-1.600837139689582855e+00,-1.600837139689582855e+00,-1.600837139689582855e+00
-1.580544528121400560e+00,-1.580544528121400560e+00,-1.588658614551506254e+00,-1.588658614551506254e+00,-1.588658614551506254e+00,-1.588658614551506254e+00,-1.600592727791084080e+00,-1.600592727791084080e+00,-1.600592727791084080e+00,-1.600592727791084080e+00,-1.600592727791084080e+00
-6.710668644460966448e-01,-6.710668644460966448e-01,-1.570350667855298532e+00,-1.570350667855298532e+00,-1.570350667855298532e+00,-1.596076503863203655e+00,-1.601200362142258804e+00,-1.601200362142258804e+00,-1.601200362142258804e+00,-1.601200362142258804e+00,-1.601200362142258804e+00
-1.649261381712672225e-01,-6.684893094485504506e-01,-6.684893094485504506e-01,-6.684893094485504506e-01,-1.576578523473633808e+00,-1.581165881351940250e+00,-1.599547362460341127e+00,-1.599547362460341127e+00,-1.599547362460341127e+00,-1.599547362460341127e+00,-1.599547362460341127e+00
-1.300127739368518220e+00,-1.300127739368518220e+00,-1.300127739368518220e+00,-1.300127739368518220e+00,-1.300127739368518220e+00,-1.600010317829610784e+00,-1.600010317829610784e+00,-1.600010317829610784e+00,-1.600010317829610784e+00,-1.600010317829610784e+00,-1.600010317829610784e+00
-1.595691489291375831e+00,-1.595691489291375831e+00,-1.595691489291375831e+00,-1.595691489291375831e+00,-1.595691489291375831e+00,-1.595691489291375831e+00,-1.595691489291375831e+00,-1.595691489291375831e+00,-1.595691489291375831e+00,-1.595691489291375831e+00,-1.595691489291375831e+00
3.613089018761317384e-01,-6.684893094485504506e-01,-6.684893094485504506e-01,-1.372098856205378858e+00,-1.372098856205378858e+00,-1.586230102694198507e+00,-1.586230102694198507e+00,-1.586230102694198507e+00,-1.586230102694198507e+00,-1.586230102694198507e+00,-1.589627960022008679e+00
-1.190708748609409895e+00,-1.190708748609409895e+00,-1.190708748609409895e+00,-1.257053733829804898e+00,-1.599447900732316796e+00,-1.599447900732316796e+00,-1.599447900732316796e+00,-1.599447900732316796e+00,-1.599447900732316796e+00,-1.599447900732316796e+00,-1.599447900732316796e+00
-4.562716797698591620e-01,-6.684893094485504506e-01,-6.684893094485504506e-01,-6.684893094485504506e-01,-1.592825962871040169e+00,-1.592825962871040169e+00,-1.600750050529661905e+00,-1.600750050529661905e+00,-1.600750050529661905e+00,-1.600750050529661905e+00,-1.600750050529661905e+00
-1.266357922621451415e+00,-1.266357922621451415e+00,-1.266357922621451415e+00,-1.448168809793829226e+00,-1.552371172943574074e+00,-1.601087172215491350e+00,-1.601087172215491350e+00,-1.601087172215491350e+00,-1.601087172215491350e+00,-1.601087172215491350e+00,-1.601087172215491350e+00
-1.142175859007315886e+00,-1.142175859007315886e+00,-1.142175859007315886e+00,-1.598802978854598322e+00,-1.598802978854598322e+00,-1.598802978854598322e+00,-1.598802978854598322e+00,-1.598802978854598322e+00,-1.598802978854598322e+00,-1.598802978854598322e+00,-1.598802978854598322e+00
3.576047220159859208e-01,-6.684893094485504506e-01,-6.684893094485504506e-01,-1.199594133650897732e+00,-1.601279601687028986e+00,-1.601279601687028986e+00,-1.601279601687028986e+00,-1.601279601687028986e+00,-1.601279601687028986e+00,-1.601279601687028986e+00,-1.601279601687028986e+00
-1.505689973963328931e+00,-1.505689973963328931e+00,-1.505689973963328931e+00,-1.505689973963328931e+00,-1.505689973963328931e+00,-1.595905614663998939e+00,-1.595905614663998939e+00,-1.595905614663998939e+00,-1.595905614663998939e+00,-1.595905614663998939e+00,-1.595905614663998939e+00
-1.598205172934946461e+00,-1.598205172934946461e+00,-1.598205172934946461e+00,-1.598205172934946461e+00,-1.598205172934946461e+00,-1.598205172934946461e+00,-1.598205172934946461e+00,-1.598982721096315451e+00,-1.598982721096315451e+00,-1.598982721096315451e+00,-1.598982721096315451e+00
-1.280982792382041602e+00,-1.280982792382041602e+00,-1.280982792382041602e+00,-1.280982792382041602e+00,-1.280982792382041602e+00,-1.600800472697443411e+00,-1.600800472697443411e+00,-1.600800472697443411e+00,-1.600800472697443411e+00,-1.600800472697443411e+00,-1.600800472697443411e+00
-5.559480057907384420e-01,-7.711634433464822358e-01,-7.711634433464822358e-01,-7.711634433464822358e-01,-7.711634433464822358e-01,-1.593336847625866248e+00,-1.593336847625866248e+00,-1.593336847625866248e+00,-1.593336847625866248e+00,-1.593336847625866248e+00,-1.593336847625866248e+00
-1.588514837557777781e+00,-1.588514837557777781e+00,-1.588514837557777781e+00,-1.588514837557777781e+00,-1.588514837557777781e+00,-1.588514837557777781e+00,-1.601278547381562056e+00,-1.601278547381562056e+00,-1.601278547381562056e+00,-1.601278547381562056e+00,-1.601278547381562056e+00
