-1.538393094062854738e+00,-1.538393094062854738e+00,-1.585015497064891532e+00,-1.594855699637308222e+00,-1.594855699637308222e+00,-1.594855699637308222e+00,-1.645791312801704986e+00,-1.645791312801704986e+00,-1.645791312801704986e+00,-2.105998425535954066e+00
-1.550467438248613217e+00,-1.550467438248613217e+00,-1.550467438248613217e+00,-1.707150855215792351e+00,-1.707150855215792351e+00,-1.707150855215792351e+00,-1.987771068662953500e+00,-1.987771068662953500e+00,-1.987771068662953500e+00,-2.073004078369764969e+00
1.292824292607922809e-01,-1.515956486080097809e+00,-1.515956486080097809e+00,-1.471751822946660182e+00,-1.471751822946660182e+00,-1.471751822946660182e+00,-1.716517524848843568e+00,-1.716517524848843568e+00,-1.716517524848843568e+00,-1.936593637137170809e+00
-1.031865643931032084e+00,-1.526867579834222166e+00,-1.526867579834222166e+00,-1.840850994071595359e+00,-1.840850994071595359e+00,-1.840850994071595359e+00,-1.920380385463271722e+00,-1.920380385463271722e+00,-1.920380385463271722e+00,-2.129375732711752622e+00
-1.461988941977687695e+00,-1.461988941977687695e+00,-1.461988941977687695e+00,-1.582288516384655619e+00,-1.582288516384655619e+00,-1.582288516384655619e+00,-2.211107429224604903e+00,-2.211107429224604903e+00,-2.211107429224604903e+00,-2.979008562768401536e+00
-1.552004016935411901e+00,-1.552004016935411901e+00,-1.741018026533943663e+00,-1.600579341758046947e+00,-1.601282849509617634e+00,-1.601282849509617634e+00,-1.601939119986998561e+00,-1.601939119986998561e+00,-1.601939119986998561e+00,-1.602228144046224267e+00
1.685586085722982352e-01,1.685586085722982352e-01,1.602961866375378075e-01,1.584921476939938900e-01,1.584921476939938900e-01,1.584921476939938900e-01,1.232363165693980411e-01,-1.251168853516682500e+00,-1.251168853516682500e+00,-1.762965742321429108e+00
-1.528068329116354374e+00,-1.528068329116354374e+00,-1.556875354057754457e+00,-1.571384726974252022e+00,-1.571384726974252022e+00,-1.571384726974252022e+00,-1.714112174465994620e+00,-1.714112174465994620e+00,-1.714112174465994620e+00,-2.123126640718447256e+00
-1.574712474805786577e+00,-1.574712474805786577e+00,-1.709091622894338469e+00,-1.582519210668899667e+00,-1.738802670123432481e+00,-1.738802670123432481e+00,-1.835840580857044602e+00,-1.835840580857044602e+00,-1.835840580857044602e+00,-2.480224918335756090e+00
-1.581957296231924381e+00,-1.581957296231924381e+00,-1.624129858021166273e+00,-1.599408950496087112e+00,-1.599408950496087112e+00,-1.612482929435248069e+00,-1.747527981044024070e+00,-1.747527981044024070e+00,-1.747527981044024070e+00,-1.786337358450790003e+00
-1.515054068958996858e+00,-1.515054068958996858e+00,-1.515054068958996858e+00,-1.385257128068799304e+00,-1.385257128068799304e+00,-1.385257128068799304e+00,-2.137256323480885456e+00,-2.137256323480885456e+00,-2.137256323480885456e+00,-2.249511390720685178e+00
-1.649264130194555700e-01,-3.132469347865950438e-01,-3.132469347865950438e-01,-1.197309940772853576e+00,-1.197309940772853576e+00,-1.197309940772853576e+00,-1.864532131992189479e+00,-1.864532131992189479e+00,-1.864532131992189479e+00,-2.103762577658416788e+00
-1.563789847286974455e+00,-1.563789847286974455e+00,-1.608666441826830384e+00,-1.596107513297317260e+00,-1.596107513297317260e+00,-1.601845068279365458e+00,-1.606003690036538867e+00,-1.606003690036538867e+00,-1.606003690036538867e+00,-1.658033116874865653e+00
-1.595842174795126578e+00,-1.598578219354595875e+00,-1.604949656924221202e+00,-1.607486138358667382e+00,-1.607486138358667382e+00,-1.607486138358667382e+00,-1.615189351027013664e+00,-1.615189351027013664e+00,-1.615189351027013664e+00,-1.613936912803225043e+00
3.613086184415550406e-01,-1.495920075146948580e+00,-1.495920075146948580e+00,-1.641035319936091419e+00,-1.641035319936091419e+00,-1.641035319936091419e+00,-3.759268931967469918e+00,-3.759268931967469918e+00,-3.759268931967469918e+00,-2.885005972637645577e+00
-1.576180526237916490e+00,-1.576180526237916490e+00,-1.576180526237916490e+00,-1.623631126225028254e+00,-1.623631126225028254e+00,-1.623631126225028254e+00,-1.665982584039680470e+00,-1.665982584039680470e+00,-1.665982584039680470e+00,-2.209118340056356100e+00
-1.474489393634534240e+00,-1.474489393634534240e+00,-1.474489393634534240e+00,-2.345472650823660299e+00,-2.345472650823660299e+00,-2.345472650823660299e+00,-4.722182181558707725e+00,-4.722182181558707725e+00,-4.722182181558707725e+00,-4.183025079105478383e+00
-1.582647511144356756e+00,-1.582647511144356756e+00,-1.582647511144356756e+00,-1.590478949430622624e+00,-1.684851144024867908e+00,-1.684851144024867908e+00,-1.638935426407798657e+00,-1.638935426407798657e+00,-1.638935426407798657e+00,-2.169003100778608140e+00
-1.470727335777288314e+00,-1.601952803859914898e+00,-1.601952803859914898e+00,-1.605107660144271087e+00,-1.605107660144271087e+00,-1.605107660144271087e+00,-1.601299959287365571e+00,-1.601299959287365571e+00,-1.601299959287365571e+00,-1.614510522225379496e+00
3.576044745017802895e-01,3.576044745017802895e-01,-3.658468962278628167e-01,-3.458004487680352401e+00,-3.458004487680352401e+00,-3.458004487680352401e+00,-3.512908563278016150e+00,-3.512908563278016150e+00,-3.512908563278016150e+00,-3.469299057765829808e+00
-1.560415238937615134e+00,-1.587581791168980905e+00,-1.707895783761598452e+00,-1.599229288193928733e+00,-1.599229288193928733e+00,-1.599229288193928733e+00,-1.660760692682280215e+00,-1.660760692682280215e+00,-1.660760692682280215e+00,-1.851161773471662331e+00
-1.598239509183822182e+00,-1.602156076896054993e+00,-1.602156076896054993e+00,-1.601153085061934433e+00,-1.601153085061934433e+00,-1.605097541765182934e+00,-1.608449238596346476e+00,-1.608449238596346476e+00,-1.608449238596346476e+00,-1.611745884886967461e+00
-1.526950951904452847e+00,-1.569187113908214748e+00,-1.674330480188006121e+00,-1.598282643282702198e+00,-1.598282643282702198e+00,-1.598282643282702198e+00,-1.984322706658208535e+00,-1.984322706658208535e+00,-1.984322706658208535e+00,-2.353259919386562427e+00
-1.446902479144370535e+00,-1.446902479144370535e+00,-1.446902479144370535e+00,-1.812842624327958729e+00,-1.812842624327958729e+00,-1.812842624327958729e+00,-1.732489948403049151e+00,-1.732489948403049151e+00,-1.732489948403049151e+00,-2.027835634971289380e+00
-1.589460998304078831e+00,-1.589460998304078831e+00,-1.589806715734914055e+00,-1.596341041265232574e+00,-1.606885409502262885e+00,-1.606885409502262885e+00,-1.600825059207430234e+00,-1.609044993848289806e+00,-1.609044993848289806e+00,-1.644149845773106300e+00
