-1.062162797265288339e-01,-1.062162797265288339e-01,-1.062162797265288339e-01,-1.062162797265288339e-01,-5.150400315196147494e-01,-7.746548223085270024e-01,-7.746548223085270024e-01,-7.882939876629111442e-01,-7.882939876629111442e-01,-7.882939876629111442e-01,-7.882939876629111442e-01
-1.476690425209302160e-01,-1.476690425209302160e-01,-2.890146023118261298e-01,-2.890146023118261298e-01,-2.890146023118261298e-01,-2.890146023118261298e-01,-2.890146023118261298e-01,-2.890146023118261298e-01,-2.890146023118261298e-01,-2.890146023118261298e-01,-2.890146023118261298e-01
-8.138223729031851539e-02,-1.793537223737463326e-01,-2.218991855351625797e-01,-2.472513885487751528e-01,-2.893902076990168548e-01,-2.893902076990168548e-01,-2.893902076990168548e-01,-2.893902076990168548e-01,-2.893902076990168548e-01,-2.893902076990168548e-01,-2.893902076990168548e-01
-7.519083226584881707e-01,-7.519083226584881707e-01,-7.519083226584881707e-01,-7.519083226584881707e-01,-7.812840013351991519e-01,-7.874947608904467877e-01,-7.885664448819925676e-01,-7.885664448819925676e-01,-7.885664448819925676e-01,-7.885664448819925676e-01,-7.885664448819925676e-01
-6.233458260642246729e-02,-1.488923068321876819e-01,-2.164079535571506452e-01,-2.595870011982880921e-01,-2.595870011982880921e-01,-2.595870011982880921e-01,-2.595870011982880921e-01,-2.595870011982880921e-01,-2.900205212403595412e-01,-2.900205212403595412e-01,-2.900205212403595412e-01
-2.822233165947143560e-02,-2.822233165947143560e-02,-7.195207937055622116e-01,-7.195207937055622116e-01,-7.685636852203862057e-01,-7.840720439970888522e-01,-7.881296995914190973e-01,-7.886853809935214787e-01,-7.886853809935214787e-01,-7.886853809935214787e-01,-7.886853809935214787e-01
-1.784564101487582377e-01,-2.449345572775474267e-01,-2.841339763704485710e-01,-2.869633746143865904e-01,-2.869633746143865904e-01,-2.869633746143865904e-01,-2.869633746143865904e-01,-2.869633746143865904e-01,-2.869633746143865904e-01,-2.869633746143865904e-01,-2.901400872579241730e-01
-9.347507225118527330e-02,-9.347507225118527330e-02,-9.347507225118527330e-02,-9.347507225118527330e-02,-9.347507225118527330e-02,-9.347507225118527330e-02,-1.067354611847144974e-01,-1.067354611847144974e-01,-7.753760732566380431e-01,-7.753760732566380431e-01,-7.867727811700504503e-01
-1.034441144636266685e-01,-1.034441144636266685e-01,-1.034441144636266685e-01,-1.064985910689397464e-01,-1.064985910689397464e-01,-1.064985910689397464e-01,-1.064985910689397464e-01,-1.064985910689397464e-01,-1.064985910689397464e-01,-1.242805987819318447e-01,-2.584530688852643698e-01
-7.449681563635632831e-01,-7.449681563635632831e-01,-7.449681563635632831e-01,-7.885543633393695684e-01,-7.885543633393695684e-01,-7.885543633393695684e-01,-7.885543633393695684e-01,-7.885543633393695684e-01,-7.885543633393695684e-01,-7.885543633393695684e-01,-7.885543633393695684e-01
-2.849726213242409489e-01,-2.849726213242409489e-01,-2.849726213242409489e-01,-2.893484858500898205e-01,-2.893484858500898205e-01,-2.893484858500898205e-01,-2.893484858500898205e-01,-2.893484858500898205e-01,-2.893484858500898205e-01,-7.164045760045100186e-01,-7.164045760045100186e-01
2.956079938895418702e-02,-1.350688263426331331e-02,-1.350688263426331331e-02,-2.174384202583117681e-02,-3.903423620436289460e-02,-1.028886944851852836e-01,-1.028886944851852836e-01,-1.028886944851852836e-01,-1.067297803421479729e-01,-2.009135763945435749e-01,-2.009135763945435749e-01
-1.012643776309772176e-01,-1.012643776309772176e-01,-1.012643776309772176e-01,-1.012643776309772176e-01,-1.012643776309772176e-01,-1.012643776309772176e-01,-1.012643776309772176e-01,-1.350431858178977318e-01,-1.350431858178977318e-01,-2.817222695493044604e-01,-2.899500776833010551e-01
-7.663630683996557058e-02,-7.663630683996557058e-02,-8.933321725414407333e-02,-9.699124803013808860e-02,-5.150400315196147494e-01,-5.150400315196147494e-01,-7.820207594073942392e-01,-7.879620214081374252e-01,-7.886686321482809792e-01,-7.886686321482809792e-01,-7.886686321482809792e-01
-3.579704098311638494e-01,-3.579704098311638494e-01,-3.579704098311638494e-01,-3.579704098311638494e-01,-4.499854386812000007e-01,-5.438568297230111925e-01,-6.134189190926201407e-01,-7.791246730679708410e-01,-7.878738597343395433e-01,-7.878738597343395433e-01,-7.878738597343395433e-01
-3.210960500568760950e-02,-3.210960500568760950e-02,-1.154869657365503316e-01,-1.611580019381588791e-01,-2.802462947760069878e-01,-2.802462947760069878e-01,-2.802462947760069878e-01,-2.802462947760069878e-01,-2.899796645505320902e-01,-2.899796645505320902e-01,-2.899796645505320902e-01
6.301137605881632076e-02,1.794415083154167923e-17,1.794415083154167923e-17,1.794415083154167923e-17,1.794415083154167923e-17,1.794415083154167923e-17,1.794415083154167923e-17,-7.308085412307619988e-01,-7.308085412307619988e-01,-7.308085412307619988e-01,-7.817714555298009849e-01
-6.963771223410720745e-01,-7.692844748481140194e-01,-7.847865941952522073e-01,-7.880243642628657064e-01,-7.880243642628657064e-01,-7.880243642628657064e-01,-7.880243642628657064e-01,-7.886447624143765323e-01,-7.886447624143765323e-01,-7.886447624143765323e-01,-7.886447624143765323e-01
-1.515255023425616798e-01,-4.081327385688269249e-01,-5.242157651921497408e-01,-6.247781228110369511e-01,-7.883606295389752328e-01,-7.883606295389752328e-01,-7.883606295389752328e-01,-7.883606295389752328e-01,-7.883606295389752328e-01,-7.883606295389752328e-01,-7.883606295389752328e-01
-1.701091736817570144e-01,-1.701091736817570144e-01,-1.701091736817570144e-01,-1.701091736817570144e-01,-1.701091736817570144e-01,-2.405616124467537531e-01,-2.973189157081352896e-01,-7.517777285638767015e-01,-7.830389409448874627e-01,-7.830389409448874627e-01,-7.883493975957983624e-01
1.957867671719585451e-02,1.957867671719585451e-02,-4.206347157164939260e-02,-8.041062011280415700e-02,-1.067105943813215496e-01,-1.067105943813215496e-01,-1.067105943813215496e-01,-1.067105943813215496e-01,-1.067105943813215496e-01,-5.480684201522248999e-01,-5.480684201522248999e-01
-4.979496129122320397e-02,-4.979496129122320397e-02,-8.217229018377321392e-02,-9.182853745467420281e-02,-1.053975609660036256e-01,-1.053975609660036256e-01,-1.053975609660036256e-01,-1.053975609660036256e-01,-1.053975609660036256e-01,-1.053975609660036256e-01,-2.019372259158948302e-01
-9.985838610993796882e-02,-1.006040013131850319e-01,-1.017069036574347746e-01,-1.024800679020051730e-01,-6.054241079498967615e-01,-7.289422856538732010e-01,-7.882365308267060833e-01,-7.883832252099862714e-01,-7.884120386848232354e-01,-7.884120386848232354e-01,-7.884609333346496163e-01
-3.452328375228394530e-02,-3.452328375228394530e-02,-3.452328375228394530e-02,-3.452328375228394530e-02,-4.227754893837151751e-01,-4.227754893837151751e-01,-7.675373233575237819e-01,-7.845748108834708079e-01,-7.883216343881879196e-01,-7.883216343881879196e-01,-7.886514697133043539e-01
-3.579840069257756580e-02,-1.048085734502015587e-01,-1.048085734502015587e-01,-1.048085734502015587e-01,-1.048085734502015587e-01,-1.521060484062587426e-01,-5.935609229265100817e-01,-7.028471485013854103e-01,-7.446291850965143233e-01,-7.804194595461698691e-01,-7.886831118757110515e-01
