2.179660658207224488e-01,1.988454578912791093e-01,1.988454578912791093e-01,1.387340281520147156e-01,1.387340281520147156e-01,1.387340281520147156e-01,1.387340281520147156e-01,1.387340281520147156e-01,1.387340281520147156e-01,-1.531371947441392822e-02,-1.531371947441392822e-02
1.656143249478706251e-03,1.656143249478706251e-03,1.656143249478706251e-03,1.656143249478706251e-03,1.656143249478706251e-03,1.656143249478706251e-03,1.656143249478706251e-03,1.656143249478706251e-03,-1.531371947441392822e-02,-1.531371947441392822e-02,-1.531371947441392822e-02
-1.997576812961009141e-02,-1.997576812961009141e-02,-1.997576812961009141e-02,-1.997576812961009141e-02,-1.997576812961009141e-02,-1.997576812961009141e-02,-1.997576812961009141e-02,-1.997576812961009141e-02,-1.997576812961009141e-02,-1.997576812961009141e-02,-1.997576812961009141e-02
-3.138774239386004500e-02,-3.138774239386004500e-02,-3.138774239386004500e-02,-3.138774239386004500e-02,-3.138774239386004500e-02,-3.138774239386004500e-02,-3.138774239386004500e-02,-3.138774239386004500e-02,-3.138774239386004500e-02,-3.138774239386004500e-02,-3.138774239386004500e-02
1.330739548039909168e-02,1.330739548039909168e-02,1.330739548039909168e-02,1.330739548039909168e-02,1.330739548039909168e-02,-1.531371947441392822e-02,-1.531371947441392822e-02,-1.531371947441392822e-02,-1.531371947441392822e-02,-3.121999513264760162e-02,-3.477881965187974711e-02
-3.551203792757506861e-02,-3.551203792757506861e-02,-3.551203792757506861e-02,-3.551203792757506861e-02,-3.551203792757506861e-02,-3.551203792757506861e-02,-3.551203792757506861e-02,-3.551203792757506861e-02,-3.551203792757506861e-02,-3.551203792757506861e-02,-3.551203792757506861e-02
2.480147143026190104e-02,2.480147143026190104e-02,2.480147143026190104e-02,-1.531371947441392822e-02,-1.531371947441392822e-02,-1.531371947441392822e-02,-1.531371947441392822e-02,-3.121999513264760162e-02,-3.477881965187974711e-02,-3.477881965187974711e-02,-3.477881965187974711e-02
2.048122075334029846e-01,2.048122075334029846e-01,-1.531371947441392822e-02,-1.531371947441392822e-02,-1.531371947441392822e-02,-1.531371947441392822e-02,-3.121999513264760162e-02,-3.477881965187974711e-02,-3.477881965187974711e-02,-3.477881965187974711e-02,-3.477881965187974711e-02
2.603246069025292098e+00,-1.531371947441392822e-02,-1.531371947441392822e-02,-1.531371947441392822e-02,-1.531371947441392822e-02,-3.121999513264760162e-02,-3.477881965187974711e-02,-3.477881965187974711e-02,-3.477881965187974711e-02,-3.477881965187974711e-02,-3.477881965187974711e-02
2.273487554137448630e+00,2.273487554137448630e+00,1.287754527625784295e-01,1.287754527625784295e-01,-3.121999513264760162e-02,-3.477881965187974711e-02,-3.477881965187974711e-02,-3.477881965187974711e-02,-3.477881965187974711e-02,-3.477881965187974711e-02,-3.477881965187974711e-02
-2.112195059074999798e-02,-2.112195059074999798e-02,-2.112195059074999798e-02,-3.121999513264760162e-02,-3.477881965187974711e-02,-3.477881965187974711e-02,-3.477881965187974711e-02,-3.477881965187974711e-02,-3.477881965187974711e-02,-3.477881965187974711e-02,-3.477881965187974711e-02
-3.213913682293085411e-02,-3.213913682293085411e-02,-3.213913682293085411e-02,-3.477881965187974711e-02,-3.477881965187974711e-02,-3.477881965187974711e-02,-3.477881965187974711e-02,-3.477881965187974711e-02,-3.477881965187974711e-02,-3.477881965187974711e-02,-3.477881965187974711e-02
2.906328767633971702e-02,-3.121999513264760162e-02,-3.477881965187974711e-02,-3.477881965187974711e-02,-3.477881965187974711e-02,-3.477881965187974711e-02,-3.477881965187974711e-02,-3.477881965187974711e-02,-3.477881965187974711e-02,-3.477881965187974711e-02,-3.477881965187974711e-02
1.629950809413216739e-01,-3.477881965187974711e-02,-3.477881965187974711e-02,-3.477881965187974711e-02,-3.477881965187974711e-02,-3.477881965187974711e-02,-3.477881965187974711e-02,-3.477881965187974711e-02,-3.477881965187974711e-02,-3.477881965187974711e-02,-3.477881965187974711e-02
-3.290685918386242886e-02,-3.290685918386242886e-02,-3.290685918386242886e-02,-3.290685918386242886e-02,-3.290685918386242886e-02,-3.290685918386242886e-02,-3.474484430224836912e-02,-3.474484430224836912e-02,-3.474484430224836912e-02,-3.474484430224836912e-02,-3.474484430224836912e-02
1.248711649596833707e-02,1.248711649596833707e-02,1.248711649596833707e-02,1.248711649596833707e-02,1.248711649596833707e-02,-3.474484430224836912e-02,-3.474484430224836912e-02,-3.474484430224836912e-02,-3.474484430224836912e-02,-3.474484430224836912e-02,-3.474484430224836912e-02
2.266252538358301538e-02,2.266252538358301538e-02,2.266252538358301538e-02,2.266252538358301538e-02,-3.474484430224836912e-02,-3.474484430224836912e-02,-3.474484430224836912e-02,-3.474484430224836912e-02,-3.474484430224836912e-02,-3.474484430224836912e-02,-3.474484430224836912e-02
1.397119277247740043e-01,1.397119277247740043e-01,1.397119277247740043e-01,-3.474484430224836912e-02,-3.474484430224836912e-02,-3.474484430224836912e-02,-3.474484430224836912e-02,-3.474484430224836912e-02,-3.474484430224836912e-02,-3.474484430224836912e-02,-3.474484430224836912e-02
1.789694169763304255e-01,1.789694169763304255e-01,-3.474484430224836912e-02,-3.474484430224836912e-02,-3.474484430224836912e-02,-3.474484430224836912e-02,-3.474484430224836912e-02,-3.474484430224836912e-02,-3.474484430224836912e-02,-3.474484430224836912e-02,-3.474484430224836912e-02
-3.527328506629433952e-02,-3.527328506629433952e-02,-3.527328506629433952e-02,-3.527328506629433952e-02,-3.527328506629433952e-02,-3.527328506629433952e-02,-3.527328506629433952e-02,-3.527328506629433952e-02,-3.527328506629433952e-02,-3.527328506629433952e-02,-3.527328506629433952e-02
1.652800181863596785e-01,1.652800181863596785e-01,-1.087305480962075070e-02,-1.087305480962075070e-02,-1.087305480962075070e-02,-1.087305480962075070e-02,-1.087305480962075070e-02,-1.087305480962075070e-02,-1.087305480962075070e-02,-1.087305480962075070e-02,-1.087305480962075070e-02
2.250581500840803939e-01,-1.087305480962075070e-02,-1.087305480962075070e-02,-1.087305480962075070e-02,-1.087305480962075070e-02,-1.087305480962075070e-02,-1.087305480962075070e-02,-1.087305480962075070e-02,-1.087305480962075070e-02,-1.087305480962075070e-02,-1.087305480962075070e-02
-3.410116944967877400e-02,-3.410116944967877400e-02,-3.410116944967877400e-02,-3.410116944967877400e-02,-3.410116944967877400e-02,-3.410116944967877400e-02,-3.410116944967877400e-02,-3.410116944967877400e-02,-3.410116944967877400e-02,-3.410116944967877400e-02,-3.410116944967877400e-02
-2.003655468586390195e-02,-2.003655468586390195e-02,-2.003655468586390195e-02,-2.003655468586390195e-02,-2.003655468586390195e-02,-2.003655468586390195e-02,-2.003655468586390195e-02,-2.003655468586390195e-02,-2.003655468586390195e-02,-2.003655468586390195e-02,-2.003655468586390195e-02
2.088130728730454577e-01,2.088130728730454577e-01,2.088130728730454577e-01,2.088130728730454577e-01,9.014079771366792504e-02,9.014079771366792504e-02,9.014079771366792504e-02,9.014079771366792504e-02,4.248616437766537801e-02,4.248616437766537801e-02,4.248616437766537801e-02
