-2.779197873733333379e-01,-2.779197873733333379e-01,-1.142918714829332050e+00,-1.142918714829332050e+00,-1.142918714829332050e+00,-1.142918714829332050e+00,-1.142918714829332050e+00,-1.142918714829332050e+00,-1.142918714829332050e+00,-1.330790714991493928e+00,-1.330790714991493928e+00
-1.484918594137581760e+00,-1.484918594137581760e+00,-1.484918594137581760e+00,-1.484918594137581760e+00,-1.484918594137581760e+00,-1.484918594137581760e+00,-1.484918594137581760e+00,-1.484918594137581760e+00,-1.484918594137581760e+00,-1.484918594137581760e+00,-1.484918594137581760e+00
-1.239311103442180206e+00,-1.239311103442180206e+00,-1.239311103442180206e+00,-1.239311103442180206e+00,-1.239311103442180206e+00,-1.239311103442180206e+00,-1.239311103442180206e+00,-1.330790714991493928e+00,-1.330790714991493928e+00,-1.330790714991493928e+00,-1.330790714991493928e+00
-1.148652604376763753e+00,-1.148652604376763753e+00,-1.148652604376763753e+00,-1.148652604376763753e+00,-1.148652604376763753e+00,-1.148652604376763753e+00,-1.330790714991493928e+00,-1.330790714991493928e+00,-1.330790714991493928e+00,-1.330790714991493928e+00,-1.330790714991493928e+00
-1.468017839605873620e+00,-1.468017839605873620e+00,-1.468017839605873620e+00,-1.468017839605873620e+00,-1.468017839605873620e+00,-1.468017839605873620e+00,-1.468017839605873620e+00,-1.468017839605873620e+00,-1.468017839605873620e+00,-1.468017839605873620e+00,-1.468017839605873620e+00
-1.106250811576581672e+00,-1.106250811576581672e+00,-1.106250811576581672e+00,-1.106250811576581672e+00,-1.330790714991493928e+00,-1.330790714991493928e+00,-1.330790714991493928e+00,-1.330790714991493928e+00,-1.330790714991493928e+00,-1.330790714991493928e+00,-1.330790714991493928e+00
9.058300823840457691e-03,-6.147524918161405977e-02,-6.147524918161405977e-02,-1.330790714991493928e+00,-1.330790714991493928e+00,-1.330790714991493928e+00,-1.330790714991493928e+00,-1.330790714991493928e+00,-1.330790714991493928e+00,-1.330790714991493928e+00,-1.330790714991493928e+00
-7.591887581151413045e-02,-7.591887581151413045e-02,-1.330790714991493928e+00,-1.330790714991493928e+00,-1.330790714991493928e+00,-1.330790714991493928e+00,-1.330790714991493928e+00,-1.330790714991493928e+00,-1.330790714991493928e+00,-1.330790714991493928e+00,-1.330790714991493928e+00
-3.913146475504647448e-01,-1.330790714991493928e+00,-1.330790714991493928e+00,-1.330790714991493928e+00,-1.330790714991493928e+00,-1.330790714991493928e+00,-1.330790714991493928e+00,-1.330790714991493928e+00,-1.330790714991493928e+00,-1.330790714991493928e+00,-1.330790714991493928e+00
-1.001271903341409919e+00,-1.001271903341409919e+00,-1.001271903341409919e+00,-1.001271903341409919e+00,-1.001271903341409919e+00,-1.001271903341409919e+00,-1.001271903341409919e+00,-1.001271903341409919e+00,-1.001271903341409919e+00,-1.001271903341409919e+00,-1.001271903341409919e+00
-1.212426587380636578e+00,-1.212426587380636578e+00,-1.212426587380636578e+00,-1.212426587380636578e+00,-1.212426587380636578e+00,-1.212426587380636578e+00,-1.212426587380636578e+00,-1.212426587380636578e+00,-1.212426587380636578e+00,-1.212426587380636578e+00,-1.212426587380636578e+00
-1.872048152911989227e-01,-1.872048152911989227e-01,-1.872048152911989227e-01,-1.958171902987780322e-01,-3.182819252787641440e-01,-3.182819252787641440e-01,-3.182819252787641440e-01,-3.182819252787641440e-01,-3.182819252787641440e-01,-5.829401594352606741e-01,-5.829401594352606741e-01
-1.318992615366756382e+00,-1.318992615366756382e+00,-1.318992615366756382e+00,-1.318992615366756382e+00,-1.318992615366756382e+00,-1.318992615366756382e+00,-1.318992615366756382e+00,-1.318992615366756382e+00,-1.318992615366756382e+00,-1.318992615366756382e+00,-1.395418614693386905e+00
-4.601725318554445443e-01,-4.601725318554445443e-01,-4.601725318554445443e-01,-4.601725318554445443e-01,-4.601725318554445443e-01,-4.601725318554445443e-01,-4.601725318554445443e-01,-5.829401594352606741e-01,-5.829401594352606741e-01,-1.395418614693386905e+00,-1.395418614693386905e+00
-8.274624838819485406e-01,-8.274624838819485406e-01,-8.274624838819485406e-01,-8.274624838819485406e-01,-8.274624838819485406e-01,-8.274624838819485406e-01,-8.274624838819485406e-01,-8.274624838819485406e-01,-1.395418614693386905e+00,-1.395418614693386905e+00,-1.395418614693386905e+00
-6.967688049990090893e-02,-6.967688049990090893e-02,-6.967688049990090893e-02,-2.221837570917372107e-01,-2.221837570917372107e-01,-5.829401594352606741e-01,-5.829401594352606741e-01,-1.395418614693386905e+00,-1.395418614693386905e+00,-1.395418614693386905e+00,-1.395418614693386905e+00
3.044273617765445167e-02,-6.336043982260933238e-02,-2.221837570917372107e-01,-2.221837570917372107e-01,-5.829401594352606741e-01,-5.829401594352606741e-01,-1.395418614693386905e+00,-1.395418614693386905e+00,-1.395418614693386905e+00,-1.395418614693386905e+00,-1.395418614693386905e+00
-9.163045956181400387e-01,-9.163045956181400387e-01,-9.163045956181400387e-01,-9.163045956181400387e-01,-9.163045956181400387e-01,-1.395418614693386905e+00,-1.395418614693386905e+00,-1.395418614693386905e+00,-1.395418614693386905e+00,-1.395418614693386905e+00,-1.395418614693386905e+00
-5.961303050418472749e-01,-5.961303050418472749e-01,-5.961303050418472749e-01,-5.961303050418472749e-01,-1.395418614693386905e+00,-1.395418614693386905e+00,-1.395418614693386905e+00,-1.395418614693386905e+00,-1.395418614693386905e+00,-1.395418614693386905e+00,-1.395418614693386905e+00
-6.182182148346797579e-01,-6.182182148346797579e-01,-6.182182148346797579e-01,-1.395418614693386905e+00,-1.395418614693386905e+00,-1.395418614693386905e+00,-1.395418614693386905e+00,-1.395418614693386905e+00,-1.395418614693386905e+00,-1.395418614693386905e+00,-1.395418614693386905e+00
-3.606913313964982826e-01,-3.606913313964982826e-01,-1.395418614693386905e+00,-1.395418614693386905e+00,-1.395418614693386905e+00,-1.395418614693386905e+00,-1.395418614693386905e+00,-1.395418614693386905e+00,-1.395418614693386905e+00,-1.395418614693386905e+00,-1.395418614693386905e+00
-4.525448964308952382e-01,-1.395418614693386905e+00,-1.395418614693386905e+00,-1.395418614693386905e+00,-1.395418614693386905e+00,-1.395418614693386905e+00,-1.395418614693386905e+00,-1.395418614693386905e+00,-1.395418614693386905e+00,-1.395418614693386905e+00,-1.395418614693386905e+00
-6.533381530244435353e-01,-6.533381530244435353e-01,-6.533381530244435353e-01,-6.533381530244435353e-01,-6.533381530244435353e-01,-6.533381530244435353e-01,-6.533381530244435353e-01,-6.533381530244435353e-01,-6.533381530244435353e-01,-6.533381530244435353e-01,-1.095149683855636935e+00
-1.326852617789792133e+00,-1.326852617789792133e+00,-1.326852617789792133e+00,-1.326852617789792133e+00,-1.326852617789792133e+00,-1.326852617789792133e+00,-1.326852617789792133e+00,-1.326852617789792133e+00,-1.326852617789792133e+00,-1.326852617789792133e+00,-1.326852617789792133e+00
-4.396897220679472085e-01,-5.943741499032827447e-01,-5.943741499032827447e-01,-5.943741499032827447e-01,-5.943741499032827447e-01,-5.943741499032827447e-01,-5.943741499032827447e-01,-5.943741499032827447e-01,-1.095149683855636935e+00,-1.095149683855636935e+00,-1.095149683855636935e+00
