-1.062163591529932116e-01,-1.062163591529932116e-01,-1.062163591529932116e-01,-1.076579343157952340e-01,-1.076579343157952340e-01,-1.076579343157952340e-01,-1.156576595930763340e-01,-1.156576595930763340e-01,-7.754925387887063870e-01,-9.222342281364963590e-01
-1.476690873387778435e-01,-1.476690873387778435e-01,-2.801723007514492769e-01,-4.395928066753049257e-01,-4.395928066753049257e-01,-4.395928066753049257e-01,-4.975837413542826271e-01,-4.975837413542826271e-01,-4.975837413542826271e-01,-1.274448599655439107e+00
-8.138226687336098941e-02,-2.199818437882296696e+00,-2.199818437882296696e+00,-6.277883042075554920e-01,-6.277883042075554920e-01,-6.277883042075554920e-01,-5.803360836821267466e-01,-5.803360836821267466e-01,-5.803360836821267466e-01,-6.155673887361806651e-01
-7.695056127914478017e-01,-7.695056127914478017e-01,-7.695056127914478017e-01,-5.093285323358844607e+01,-5.093285323358844607e+01,-5.093285323358844607e+01,-1.072673423318804886e+00,-1.072673423318804886e+00,-1.072673423318804886e+00,-1.069602802583022205e+00
-6.175692067560496490e-01,-6.175692067560496490e-01,-6.175692067560496490e-01,-8.108625644633504770e-01,-8.108625644633504770e-01,-8.108625644633504770e-01,-7.110384567016458934e-01,-7.110384567016458934e-01,-7.110384567016458934e-01,-7.219078124156010912e-01
-2.822237194862683984e-02,-2.822237194862683984e-02,-3.013672736123211918e-02,-3.840066004317246873e-02,-4.343147990097923072e-02,-4.343147990097923072e-02,-3.869212841542335468e-02,-3.869212841542335468e-02,-3.869212841542335468e-02,-4.405430454482945485e-02
-6.634629171705885842e-01,-6.634629171705885842e-01,-6.634629171705885842e-01,-7.206604646411149950e-01,-7.206604646411149950e-01,-7.206604646411149950e-01,-7.136941462064083641e-01,-7.136941462064083641e-01,-7.136941462064083641e-01,-1.812759291239772308e+00
-6.296292493186305128e-01,-6.296292493186305128e-01,-6.296292493186305128e-01,-4.178613748526066041e-01,-4.178613748526066041e-01,-4.178613748526066041e-01,-3.777208062627067098e-01,-3.777208062627067098e-01,-3.777208062627067098e-01,-4.115533701176099513e-01
-1.034442153904118755e-01,-1.034442153904118755e-01,-1.034442153904118755e-01,-1.209696841617093760e-01,-1.209696841617093760e-01,-1.209696841617093760e-01,-1.120266274196250744e-01,-1.120266274196250744e-01,-2.026618771262733709e-01,-7.210535343722113133e-01
-7.654988131730400269e-01,-7.654988131730400269e-01,-7.654988131730400269e-01,-7.449685889302639641e-01,-1.314476728097463187e+00,-1.314476728097463187e+00,-2.797089578367635720e+00,-2.797089578367635720e+00,-2.797089578367635720e+00,-1.541358919764700985e+01
-2.849727425043734885e-01,-2.849727425043734885e-01,-2.849727425043734885e-01,-1.906381196975067249e+00,-1.906381196975067249e+00,-1.906381196975067249e+00,-9.834447018935133400e+00,-9.834447018935133400e+00,-9.834447018935133400e+00,-1.976719947986532588e+01
2.956074303667301575e-02,-1.048086298024827195e-01,-1.048086298024827195e-01,-1.124992983900084259e-01,-1.124992983900084259e-01,-1.124992983900084259e-01,-1.207811497033215026e-01,-5.295245344650253427e-01,-5.295245344650253427e-01,-4.696164193177664314e-01
-6.248885107416898288e-01,-6.248885107416898288e-01,-6.248885107416898288e-01,-1.428924109913143614e-01,-1.428924109913143614e-01,-1.428924109913143614e-01,-4.659917177183548476e-01,-4.659917177183548476e-01,-4.659917177183548476e-01,-6.574754048249237259e-01
-7.663637830822210562e-02,-7.740832567168805245e-02,-8.774295360522954557e-02,-1.054712164061174240e-01,-1.151325949826893236e-01,-1.151325949826893236e-01,-1.824317053070703132e-01,-7.337123052836824755e-01,-7.337123052836824755e-01,-1.269133025834974671e+00
-6.359391269638541289e-01,-6.359391269638541289e-01,-6.359391269638541289e-01,-3.579706782688426570e-01,-7.134296746943390444e-01,-7.134296746943390444e-01,-1.158338648085364131e+00,-1.158338648085364131e+00,-1.158338648085364131e+00,-1.443894548319323068e+00
-3.210964334489438410e-02,-2.776321572279019656e-01,-2.822569971703620118e-01,-2.822571279822689849e-01,-2.822571279822689849e-01,-2.822571279822689849e-01,-4.326243233652344866e-01,-4.326243233652344866e-01,-4.326243233652344866e-01,-4.910209069170696772e-01
-6.303467889419008818e-01,-6.303467889419008818e-01,-6.303467889419008818e-01,-3.748165417649335640e-01,-3.748165417649335640e-01,-3.748165417649335640e-01,-2.742923834477618006e-01,-9.563902210326733488e-01,-9.563902210326733488e-01,-8.437135830739950215e-01
-7.690016788226198274e-01,-7.690016788226198274e-01,-7.690016788226198274e-01,-7.887710510394962959e-01,-7.887710510394962959e-01,-7.887710510394962959e-01,-7.885455693673258937e-01,-7.951191865027472661e-01,-7.951191865027472661e-01,-8.677130957061526262e-01
-1.515256181920911771e-01,-1.515256181920911771e-01,-1.515256181920911771e-01,-6.329158687079362577e-01,-6.329158687079362577e-01,-6.329158687079362577e-01,-1.346136808434489796e+00,-1.346136808434489796e+00,-1.346136808434489796e+00,-1.496391092052893779e+00
-1.701092468113505063e-01,-5.354253386730593034e-01,-5.354253386730593034e-01,-8.798603658288490781e-01,-8.798603658288490781e-01,-8.798603658288490781e-01,-1.096582775978404811e+00,-1.096582775978404811e+00,-1.096582775978404811e+00,-1.176106557450071310e+00
1.957860178007972060e-02,-1.048086483873176822e-01,-1.048086483873176822e-01,-1.050237592255540836e-01,-1.062939878458764864e-01,-1.079472384680039837e-01,-1.084562848011308006e-01,-1.084562848011308006e-01,-9.433491312049091526e-01,-7.020603163499957722e-01
-4.979498288920573834e-02,-6.472414443204560497e-02,-6.472414443204560497e-02,-6.989560942198143334e-02,-1.382308379513320085e-01,-1.382308379513320085e-01,-1.739774241175107705e-01,-1.739774241175107705e-01,-1.739774241175107705e-01,-2.175751038253274372e-01
-9.985849140310600058e-02,-1.001986779935056804e-01,-1.001986779935056804e-01,-1.024094766034240322e-01,-1.099303383262637684e-01,-1.099303383262637684e-01,-6.492438549218422228e-01,-1.351541981027759576e+00,-1.351541981027759576e+00,-1.138671969968447106e+00
-3.452336241155577745e-02,-3.662852013239208115e-02,-3.662852013239208115e-02,-3.662851084580163313e-02,-1.400743399208110584e-01,-1.400743399208110584e-01,-2.522956961458689973e-01,-2.522956961458689973e-01,-2.522956961458689973e-01,-2.427661199869777797e-01
-3.579842446079945645e-02,-1.048085972184234216e-01,-1.048085972184234216e-01,-1.048883672950732537e-01,-1.062243317596502507e-01,-1.081309138258868818e-01,-1.086887034377590211e-01,-1.086887034377590211e-01,-1.086887034377590211e-01,-1.107784484672246772e-01
