-2.779197873733333379e-01,-2.779197873733333379e-01,-2.815144663052925877e-01,-2.815144663052925877e-01,-2.861102177647580347e-01,-3.369002911093798014e-01,-4.422994226277748853e-01,-4.589604658903966850e-01,-4.589604658903966850e-01,-7.539955754568299362e-01,-7.539955754568299362e-01
-1.484918594137581760e+00,-1.484918594137581760e+00,-1.484918594137581760e+00,-1.484918594137581760e+00,-1.487932559603094118e+00,-1.487932559603094118e+00,-1.487932559603094118e+00,-1.487932559603094118e+00,-1.487932559603094118e+00,-1.487932559603094118e+00,-1.489057312658727872e+00
-1.239311103442180206e+00,-1.239311103442180206e+00,-1.239311103442180206e+00,-1.239311103442180206e+00,-1.376624708427145904e+00,-1.489059881105031957e+00,-1.489059881105031957e+00,-1.489059881105031957e+00,-1.489059881105031957e+00,-1.489059881105031957e+00,-1.489059881105031957e+00
-1.148652604376763753e+00,-1.148652604376763753e+00,-1.148652604376763753e+00,-1.148652604376763753e+00,-1.149047021330303897e+00,-1.149439078919041846e+00,-1.486723065807272093e+00,-1.488988306171847409e+00,-1.488988306171847409e+00,-1.488988306171847409e+00,-1.488988306171847409e+00
-1.468017839605873620e+00,-1.468017839605873620e+00,-1.468017839605873620e+00,-1.468017839605873620e+00,-1.468017839605873620e+00,-1.479848709168980925e+00,-1.488831046120466350e+00,-1.488831046120466350e+00,-1.489072064736663981e+00,-1.489072064736663981e+00,-1.489072064736663981e+00
-1.106250811576581672e+00,-1.106250811576581672e+00,-1.175030238663075322e+00,-1.227052715838350627e+00,-1.227052715838350627e+00,-1.422088099016180385e+00,-1.487250682749305719e+00,-1.487250682749305719e+00,-1.489041460548804929e+00,-1.489041460548804929e+00,-1.489041460548804929e+00
9.058300823840457691e-03,-3.990608203343031651e-02,-9.752797623824065176e-02,-9.752797623824065176e-02,-9.752797623824065176e-02,-9.752797623824065176e-02,-9.752797623824065176e-02,-4.427165361109968722e-01,-8.392688004274444502e-01,-1.149545975645339890e+00,-1.149545975645339890e+00
-7.591887581151413045e-02,-8.071452888674658654e-02,-8.687633181720733067e-02,-1.381166671095999665e-01,-3.027981176258789930e-01,-4.554166420571657548e-01,-4.554166420571657548e-01,-4.554166420571657548e-01,-1.347023588334986366e+00,-1.470769397038027559e+00,-1.470769397038027559e+00
-3.913146475504647448e-01,-3.935655994268703051e-01,-4.319974055191245221e-01,-4.361135472355598397e-01,-4.612846357781687501e-01,-4.612846357781687501e-01,-4.612846357781687501e-01,-4.612846357781687501e-01,-4.612846357781687501e-01,-4.612846357781687501e-01,-4.612846357781687501e-01
-1.001271903341409919e+00,-1.001271903341409919e+00,-1.001271903341409919e+00,-1.100850810718956962e+00,-1.149949366058231170e+00,-1.149949366058231170e+00,-1.149949366058231170e+00,-1.286963426458584303e+00,-1.488747373724400358e+00,-1.488747373724400358e+00,-1.488747373724400358e+00
-1.212426587380636578e+00,-1.212426587380636578e+00,-1.212426587380636578e+00,-1.218029279763523043e+00,-1.311744887713792274e+00,-1.487557550507269566e+00,-1.489072519074777556e+00,-1.489072519074777556e+00,-1.489072519074777556e+00,-1.489072519074777556e+00,-1.489072519074777556e+00
-1.872048152911989227e-01,-1.872048152911989227e-01,-3.045966701164124490e-01,-4.137260949306655888e-01,-8.796853163982930601e-01,-1.085144399352849565e+00,-1.141818421774163594e+00,-1.141818421774163594e+00,-1.149947269396768057e+00,-1.149947269396768057e+00,-1.149947269396768057e+00
-1.318992615366756382e+00,-1.397521967740191995e+00,-1.427936851700482457e+00,-1.489066544270268411e+00,-1.489066544270268411e+00,-1.489066544270268411e+00,-1.489066544270268411e+00,-1.489066544270268411e+00,-1.489066544270268411e+00,-1.489066544270268411e+00,-1.489068463420931465e+00
-4.601725318554445443e-01,-4.601725318554445443e-01,-4.601725318554445443e-01,-4.612787381602883041e-01,-4.612787381602883041e-01,-4.612787381602883041e-01,-4.612787381602883041e-01,-4.612787381602883041e-01,-4.612787381602883041e-01,-4.612787381602883041e-01,-4.612787381602883041e-01
-8.274624838819485406e-01,-8.335459850657255254e-01,-8.415083942648141635e-01,-9.022808831084916381e-01,-9.909157281228767600e-01,-1.136943441803964117e+00,-1.138292042014111605e+00,-1.138292042014111605e+00,-1.138292042014111605e+00,-1.138292042014111605e+00,-1.138292042014111605e+00
-6.967688049990090893e-02,-7.092468220501291221e-02,-7.092468220501291221e-02,-7.251921924701831834e-02,-8.601121723648705308e-02,-1.420767804964207792e-01,-1.420767804964207792e-01,-1.587420428591008459e-01,-6.712566767589464023e-01,-6.712566767589464023e-01,-1.086478856651253988e+00
3.044273617765445167e-02,-3.990608203343031651e-02,-9.752797623824065176e-02,-2.128730571162884000e-01,-4.778240190946128618e-01,-7.528176713587815261e-01,-9.750575263741049215e-01,-9.750575263741049215e-01,-9.750575263741049215e-01,-9.750575263741049215e-01,-1.149997871161681395e+00
-9.163045956181400387e-01,-9.163045956181400387e-01,-1.015202683822184149e+00,-1.019607244270931190e+00,-1.135153267918897368e+00,-1.135153267918897368e+00,-1.135153267918897368e+00,-1.135153267918897368e+00,-1.149704480688492181e+00,-1.149704480688492181e+00,-1.149704480688492181e+00
-5.961303050418472749e-01,-5.961303050418472749e-01,-5.961303050418472749e-01,-6.446233625195461059e-01,-9.044709088046347656e-01,-1.099585387770049882e+00,-1.099585387770049882e+00,-1.150142577363063134e+00,-1.150142577363063134e+00,-1.150142577363063134e+00,-1.150142577363063134e+00
-6.182182148346797579e-01,-6.889201159965806509e-01,-8.131195125834064230e-01,-8.131195125834064230e-01,-1.031071131442998556e+00,-1.140629790763554530e+00,-1.140629790763554530e+00,-1.140629790763554530e+00,-1.140629790763554530e+00,-1.140629790763554530e+00,-1.140629790763554530e+00
-3.606913313964982826e-01,-3.761513571871029082e-01,-3.761513571871029082e-01,-3.761513571871029082e-01,-3.791687054231195897e-01,-4.058424910982415534e-01,-4.602302431287208506e-01,-4.602302431287208506e-01,-4.602302431287208506e-01,-4.602302431287208506e-01,-7.987296366814965465e-01
-4.525448964308952382e-01,-4.604928119409159581e-01,-4.604928119409159581e-01,-4.608727001482018082e-01,-4.608727001482018082e-01,-4.610168167130858641e-01,-4.610168167130858641e-01,-4.610168167130858641e-01,-1.121915709196670718e+00,-1.121915709196670718e+00,-1.121915709196670718e+00
-6.533381530244435353e-01,-6.533381530244435353e-01,-6.533381530244435353e-01,-6.533381530244435353e-01,-1.249177211511945051e+00,-1.429139530387512735e+00,-1.480998670428939512e+00,-1.489072075629591652e+00,-1.489072075629591652e+00,-1.489072075629591652e+00,-1.489072075629591652e+00
-1.326852617789792133e+00,-1.397521967740191995e+00,-1.397521967740191995e+00,-1.397521967740191995e+00,-1.485228712801399231e+00,-1.485228712801399231e+00,-1.488984749641691474e+00,-1.489068219067981813e+00,-1.489068219067981813e+00,-1.489068219067981813e+00,-1.489068219067981813e+00
-4.396897220679472085e-01,-4.604928119409159581e-01,-4.604928119409159581e-01,-4.612780301435831509e-01,-4.612780301435831509e-01,-4.612780301435831509e-01,-4.612780301435831509e-01,-4.612780301435831509e-01,-4.612780301435831509e-01,-4.612780301435831509e-01,-4.612780301435831509e-01
