-1.397637586667491050e+00,-1.397637586667491050e+00,-1.397637586667491050e+00,-1.397637586667491050e+00,-1.601304622268816757e+00,-1.601304622268816757e+00,-1.601304622268816757e+00,-1.601304622268816757e+00,-1.601304622268816757e+00,-1.601304622268816757e+00,-1.601304622268816757e+00
-1.077572596663919136e+00,-1.578736833155749864e+00,-1.578736833155749864e+00,-1.601299973580497138e+00,-1.601299973580497138e+00,-1.601301333114815151e+00,-1.601301333114815151e+00,-1.601301790310360573e+00,-1.601301790310360573e+00,-1.601301790310360573e+00,-1.601301790310360573e+00
1.292827591886069882e-01,1.292827591886069882e-01,-2.790823295301536611e-01,-6.380954098046709433e-01,-9.829558014408252831e-01,-1.540477515850705359e+00,-1.540477515850705359e+00,-1.601307535973726104e+00,-1.601307535973726104e+00,-1.601307535973726104e+00,-1.601307535973726104e+00
-1.031864778866293797e+00,-1.295036253732310350e+00,-1.485133432764958350e+00,-1.560517561689266586e+00,-1.601269880781649668e+00,-1.601269880781649668e+00,-1.601269880781649668e+00,-1.601269880781649668e+00,-1.601269880781649668e+00,-1.601269880781649668e+00,-1.601269880781649668e+00
-3.575664975580465921e-01,-6.494463463641584333e-01,-8.868008045535584749e-01,-8.868008045535584749e-01,-8.868008045535584749e-01,-8.868008045535584749e-01,-1.600532209585701082e+00,-1.601306910687221752e+00,-1.601306910687221752e+00,-1.601306910687221752e+00,-1.601307457350205077e+00
-1.380041700483981337e+00,-1.380041700483981337e+00,-1.518339769276504825e+00,-1.569159471537533435e+00,-1.569159471537533435e+00,-1.601304284291740210e+00,-1.601304288543468068e+00,-1.601304288543468068e+00,-1.601304288543468068e+00,-1.601304288543468068e+00,-1.601304288543468068e+00
1.685589456255822682e-01,1.685589456255822682e-01,1.685589456255822682e-01,1.685589456255822682e-01,-9.972404164644821378e-01,-1.272893520407908596e+00,-1.272893520407908596e+00,-1.600771574531096419e+00,-1.600771574531096419e+00,-1.601303711984023437e+00,-1.601307493995717479e+00
-1.206802059169041819e+00,-1.441683102201973377e+00,-1.556678975944626231e+00,-1.592337353586687598e+00,-1.601291756423812274e+00,-1.601293071451761918e+00,-1.601293073790817978e+00,-1.601296581337458669e+00,-1.601296679983298610e+00,-1.601296679983298610e+00,-1.601296875365479266e+00
-1.511895733543829223e+00,-1.511895733543829223e+00,-1.587318588218082027e+00,-1.599104289162653458e+00,-1.599104289162653458e+00,-1.601269792321352803e+00,-1.601269809927787335e+00,-1.601269809927787335e+00,-1.601269809927787335e+00,-1.601269809927787335e+00,-1.601275451790458604e+00
-1.580544528121400560e+00,-1.580544528121400560e+00,-1.601302557305016805e+00,-1.601302560206622871e+00,-1.601302560206622871e+00,-1.601305401526722072e+00,-1.601305401667112882e+00,-1.601306780232358840e+00,-1.601306781163534865e+00,-1.601306781738662366e+00,-1.601307467877935764e+00
-6.710668644460966448e-01,-1.600000016309762074e+00,-1.601293445419543993e+00,-1.601293445654807357e+00,-1.601295680953618294e+00,-1.601295680953618294e+00,-1.601295680953618294e+00,-1.601295680953618294e+00,-1.601295680953618294e+00,-1.601295680953618294e+00,-1.601295680953618294e+00
-1.649261381712672225e-01,-1.649261381712672225e-01,-9.279665680964157559e-01,-1.258554257412328958e+00,-1.601267957370204442e+00,-1.601267957370204442e+00,-1.601267957370204442e+00,-1.601273187358325245e+00,-1.601273187358325245e+00,-1.601273187873154313e+00,-1.601284064553443187e+00
-1.300127739368518220e+00,-1.300127739368518220e+00,-1.601048436415688059e+00,-1.601048437165439431e+00,-1.601302692218020240e+00,-1.601302692218020240e+00,-1.601302692218020240e+00,-1.601302692218020240e+00,-1.601302692218020240e+00,-1.601302692218020240e+00,-1.601302692218020240e+00
-1.595691489291375831e+00,-1.595691489291375831e+00,-1.600876674575928860e+00,-1.601262312266097609e+00,-1.601262312266097609e+00,-1.601292839795188883e+00,-1.601292839795188883e+00,-1.601292839795188883e+00,-1.601292839795188883e+00,-1.601292839795188883e+00,-1.601292839795188883e+00
3.613089018761317384e-01,-1.596085869506405075e-01,-6.746150244852593403e-01,-9.240356081348055639e-01,-9.240356081348055639e-01,-1.599432577500276231e+00,-1.599432577500276231e+00,-1.601302435731253304e+00,-1.601302435731253304e+00,-1.601302435731253304e+00,-1.601302435731253304e+00
-1.190708748609409895e+00,-1.264310939253073585e+00,-1.264310939253073585e+00,-1.264310939253073585e+00,-1.264310939253073585e+00,-1.589598600448812959e+00,-1.601283222289973551e+00,-1.601300623922087496e+00,-1.601300623922087496e+00,-1.601300623922087496e+00,-1.601300623922087496e+00
-4.562716797698591620e-01,-4.562716797698591620e-01,-1.033453589869694156e+00,-1.339324847379293359e+00,-1.601302696528386527e+00,-1.601302696528386527e+00,-1.601302696528386527e+00,-1.601303573165915317e+00,-1.601303573165915317e+00,-1.601303573165915317e+00,-1.601304543887429155e+00
-1.266357922621451415e+00,-1.266357922621451415e+00,-1.266357922621451415e+00,-1.266357922621451415e+00,-1.577586835885480099e+00,-1.601010555212017294e+00,-1.601010555212017294e+00,-1.601306013987131571e+00,-1.601306013987131571e+00,-1.601306013987131571e+00,-1.601307516899519001e+00
-1.142175859007315886e+00,-1.142175859007315886e+00,-1.441856546387416671e+00,-1.558272334784606805e+00,-1.601213791967126987e+00,-1.601213791967126987e+00,-1.601213791967126987e+00,-1.601213791967126987e+00,-1.601237559619573148e+00,-1.601237559619573148e+00,-1.601253393027620042e+00
3.576047220159859208e-01,1.743506802206535866e-01,1.743506802206535866e-01,1.743506802206535866e-01,-8.059771604263046285e-01,-1.249179984663885357e+00,-1.249179984663885357e+00,-1.580133967811883089e+00,-1.601286687418164156e+00,-1.601286688450022311e+00,-1.601286688450022311e+00
-1.505689973963328931e+00,-1.564798124709573912e+00,-1.597817240917127180e+00,-1.601055258531284053e+00,-1.601055258531284053e+00,-1.601289796446360825e+00,-1.601289796446360825e+00,-1.601289796446360825e+00,-1.601289796446360825e+00,-1.601289796446360825e+00,-1.601304046214521826e+00
-1.598205172934946461e+00,-1.598205172934946461e+00,-1.598205172934946461e+00,-1.598205172934946461e+00,-1.599611575752446058e+00,-1.599611575752446058e+00,-1.599611575752446058e+00,-1.599611575752446058e+00,-1.601221635648279573e+00,-1.601221651587673378e+00,-1.601221651587673378e+00
-1.280982792382041602e+00,-1.600494867091995843e+00,-1.601267848811549932e+00,-1.601267852969815664e+00,-1.601267852969815664e+00,-1.601267852969815664e+00,-1.601267852969815664e+00,-1.601267852969815664e+00,-1.601267852969815664e+00,-1.601267852969815664e+00,-1.601291664394826064e+00
-5.559480057907384420e-01,-5.559480057907384420e-01,-9.478477882902520690e-01,-1.159697334697062487e+00,-1.159697334697062487e+00,-1.159697334697062487e+00,-1.597199997042475950e+00,-1.597199997042475950e+00,-1.601297608520280136e+00,-1.601297609526927346e+00,-1.601297609526927346e+00
-1.588514837557777781e+00,-1.595860670272408299e+00,-1.601167225750245393e+00,-1.601167266786938548e+00,-1.601167266786938548e+00,-1.601167266786938548e+00,-1.601167266786938548e+00,-1.601167266786938548e+00,-1.601167266786938548e+00,-1.601167266786938548e+00,-1.601305605338939841e+00
