-2.779205266367831828e-01,-2.779205266367831828e-01,-2.831311987115918138e-01,-2.839505080416380167e-01,-3.199874479121565529e-01,-4.338893903518338258e-01,-6.124286611127605084e-01,-6.124286611127605084e-01,-6.124286611127605084e-01,-7.539961397411587551e-01
-1.484919360654392673e+00,-1.484919360654392673e+00,-1.484919360654392673e+00,-1.497772352031334853e+00,-1.497772352031334853e+00,-1.497772352031334853e+00,-1.498889524442043042e+00,-1.498889524442043042e+00,-1.498889524442043042e+00,-1.529639128915102564e+00
-1.239311730287743663e+00,-1.239311730287743663e+00,-1.239311730287743663e+00,-2.404710502763433411e+01,-2.404710502763433411e+01,-2.404710502763433411e+01,-6.699791818635833174e+00,-6.699791818635833174e+00,-6.699791818635833174e+00,-1.261925469458045512e+01
-1.148653141511584153e+00,-1.148653141511584153e+00,-1.148653141511584153e+00,-1.148653103821637655e+00,-1.149182616272473867e+00,-1.151307865388759843e+00,-1.151657532337680312e+00,-1.151657532337680312e+00,-1.151657532337680312e+00,-1.151822743059178755e+00
-1.468018731620821526e+00,-1.468018731620821526e+00,-1.468018731620821526e+00,-1.468018824151031687e+00,-1.468018824151031687e+00,-1.913460839956366399e+00,-2.738988909281965256e+00,-2.738988909281965256e+00,-2.738988909281965256e+00,-3.197220791150512831e+00
-1.106251177011066122e+00,-1.106251177011066122e+00,-1.175030604098030285e+00,-1.469864015212353436e+00,-1.469864015212353436e+00,-1.469864015212353436e+00,-1.577144471100392353e+00,-1.577144471100392353e+00,-1.577144471100392353e+00,-2.583505175316868296e+00
9.057965577834095963e-03,-3.990641728566333979e-02,-3.353665930523365368e+00,-9.752827687154462522e-02,-9.752827687154462522e-02,-9.752827687154462522e-02,-4.751908450598069100e-01,-4.751908450598069100e-01,-3.435520722229317592e+00,-3.852620675746836199e+00
-7.591959740147562197e-02,-8.120141913640779863e-02,-1.170173402709211857e-01,-1.381181391506625944e-01,-1.381181391506625944e-01,-2.039728608677791877e-01,-3.668989910312105418e-01,-5.753433093906219487e-01,-5.753433093906219487e-01,-6.500131515309977015e-01
-3.913148287168313200e-01,-3.942016682793890725e-01,-4.319975866855613744e-01,-4.743789287060468096e-01,-4.743789287060468096e-01,-4.743789287060468096e-01,-5.087095647329279435e-01,-5.087095647329279435e-01,-5.087095647329279435e-01,-5.243708191511534666e-01
-1.001272326276497093e+00,-1.001272326276497093e+00,-1.001272326276497093e+00,-6.012022677787825842e+00,-6.012022677787825842e+00,-6.012022677787825842e+00,-3.707780874641571245e+00,-3.707780874641571245e+00,-3.707780874641571245e+00,-2.937248385307607457e+00
-1.212427294487573803e+00,-1.212427294487573803e+00,-1.212427294487573803e+00,-1.302881937696563242e+00,-1.720381522056650514e+00,-1.720381522056650514e+00,-1.648799021984966195e+00,-1.648799021984966195e+00,-1.648799021984966195e+00,-1.749854516441050611e+00
-1.872049137988543721e-01,-1.872049137988543721e-01,-3.045967686240775851e-01,-8.558441236273246489e-01,-8.558441236273246489e-01,-8.558441236273246489e-01,-1.864939877181039929e+00,-1.864939877181039929e+00,-1.864939877181039929e+00,-1.874030562940308897e+00
-1.318993417129361356e+00,-4.519548740795726438e+00,-4.519548740795726438e+00,-1.488752055680308661e+00,-1.488752055680308661e+00,-1.488752055680308661e+00,-1.742092758913102113e+00,-1.742092758913102113e+00,-1.742092758913102113e+00,-2.330064610672451408e+00
-4.601736155707780163e-01,-4.601736155707780163e-01,-4.601736155707780163e-01,-4.612796015383784365e-01,-4.612796015383784365e-01,-4.612796015383784365e-01,-4.640579455298029510e-01,-4.640579455298029510e-01,-4.640579455298029510e-01,-4.685291330511086594e-01
-8.274627948885769912e-01,-8.359364675905184283e-01,-8.906331450180272613e-01,-9.883539355312075392e-01,-1.207258157627804751e+00,-1.207258157627804751e+00,-1.138294231762065456e+00,-1.138294231762065456e+00,-1.138294231762065456e+00,-1.284564633379575938e+00
-6.967720374802499617e-02,-7.106735535053856911e-02,-7.106735535053856911e-02,-8.095242881458092343e-02,-1.286903936421182060e-01,-2.217879856437115771e-01,-1.855648260453540144e-01,-1.855648260453540144e-01,-1.369802591917268275e+00,-1.979746370354959151e+00
3.044238678928536113e-02,-3.990643142179941399e-02,-9.752832562891233792e-02,-5.691511554630344083e-01,-5.691511554630344083e-01,-2.196938290314521147e+00,-9.539180708315531110e-01,-9.539180708315531110e-01,-9.539180708315531110e-01,-1.707110120790917174e+00
-9.163056412708004972e-01,-9.163056412708004972e-01,-1.015203729474844607e+00,-1.119673406840389296e+00,-1.236522664511553682e+00,-1.236522664511553682e+00,-1.531530207613419403e+00,-1.531530207613419403e+00,-1.531530207613419403e+00,-1.671107364918175131e+00
-5.961314388138335696e-01,-5.961314388138335696e-01,-5.961314388138335696e-01,-9.582661873603230962e-01,-9.582661873603230962e-01,-1.458053412147549466e+00,-2.070446708790774970e+00,-2.070446708790774970e+00,-2.070446708790774970e+00,-2.146935234692419758e+00
-6.182186016379971338e-01,-6.889205027998981379e-01,-8.131198993867628788e-01,-1.106009756595017546e+00,-1.106009756595017546e+00,-1.434392376348192055e+00,-2.088386835139342423e+00,-2.088386835139342423e+00,-2.088386835139342423e+00,-2.213822050758068816e+00
-3.606922917792660943e-01,-3.761523175698707200e-01,-3.761523175698707200e-01,-3.770098721370824801e-01,-3.959257971454989700e-01,-4.615495659350598578e-01,-4.962095160503285363e-01,-4.962095160503285363e-01,-4.962095160503285363e-01,-6.629496203236920904e-01
-4.525455161233638002e-01,-4.604934316334916566e-01,-4.604934316334916566e-01,-4.608752487458657732e-01,-4.608752487458657732e-01,-4.617328558459554144e-01,-4.686465705837021267e-01,-4.686465705837021267e-01,-4.686465705837021267e-01,-4.701467720184223653e-01
-6.533384107743570590e-01,-6.533384107743570590e-01,-6.533384107743570590e-01,-1.107477374383695423e+00,-3.560477520559983677e+00,-3.560477520559983677e+00,-3.343769422940758407e+00,-3.343769422940758407e+00,-3.343769422940758407e+00,-3.046943396520334524e+00
-1.326853349715449992e+00,-1.397522699665849855e+00,-1.397522699665849855e+00,-5.327651987488829732e+00,-5.327651987488829732e+00,-5.327651987488829732e+00,-1.502878041209292626e+01,-1.502878041209292626e+01,-1.502878041209292626e+01,-2.115860198315485974e+01
-4.396905513096799889e-01,-4.604936411826487386e-01,-4.604936411826487386e-01,-4.612787630912879022e-01,-4.612787630912879022e-01,-4.612787630912879022e-01,-4.612786952295299669e-01,-4.612786952295299669e-01,-4.612786952295299669e-01,-4.616590761914875496e-01
