2.179660658207224488e-01,8.917886857483783847e-02,4.195242126827000012e-02,-2.296638015802104915e-02,-3.544444104315530586e-02,-3.544444104315530586e-02,-3.544444104315530586e-02,-3.544444104315530586e-02,-3.544444104315530586e-02,-3.544444104315530586e-02,-3.544444104315530586e-02
1.656143249478706251e-03,1.070461658151718220e-03,1.070461658151718220e-03,-1.553477128520330602e-04,-2.887005173712456352e-02,-3.474051339705724883e-02,-3.474051339705724883e-02,-3.550301900180289488e-02,-3.550301900180289488e-02,-3.550301900180289488e-02,-3.550301900180289488e-02
-1.997576812961009141e-02,-1.997576812961009141e-02,-1.997576812961009141e-02,-1.997576812961009141e-02,-2.800599283701685205e-02,-2.800599283701685205e-02,-3.454162451570298026e-02,-3.553067497382888379e-02,-3.553067497382888379e-02,-3.553067497382888379e-02,-3.553067497382888379e-02
-3.138774239386004500e-02,-3.138774239386004500e-02,-3.385010836788614891e-02,-3.524108182316742360e-02,-3.524108182316742360e-02,-3.524108182316742360e-02,-3.524108182316742360e-02,-3.550303063366121170e-02,-3.550303063366121170e-02,-3.550303063366121170e-02,-3.550303063366121170e-02
1.330739548039909168e-02,1.330739548039909168e-02,-3.007364561171437314e-02,-3.007364561171437314e-02,-3.007364561171437314e-02,-3.466098011324484501e-02,-3.532220243373110358e-02,-3.553262797600791056e-02,-3.553262797600791056e-02,-3.553262797600791056e-02,-3.553262797600791056e-02
-3.551203792757506861e-02,-3.551203792757506861e-02,-3.551203792757506861e-02,-3.551203792757506861e-02,-3.551203792757506861e-02,-3.551203792757506861e-02,-3.551203792757506861e-02,-3.553067497382888379e-02,-3.553067497382888379e-02,-3.553067497382888379e-02,-3.553067497382888379e-02
2.480147143026190104e-02,-1.246459358839014341e-02,-1.246459358839014341e-02,-1.246459358839014341e-02,-3.143812897038287396e-02,-3.532543918366636004e-02,-3.532543918366636004e-02,-3.532543918366636004e-02,-3.532543918366636004e-02,-3.532543918366636004e-02,-3.532543918366636004e-02
2.048122075334029846e-01,2.048122075334029846e-01,1.186005197464115868e-01,9.265266468598938598e-03,-2.517529055981605757e-02,-3.176398416227648597e-02,-3.507972527880721947e-02,-3.553320696696039144e-02,-3.553320696696039144e-02,-3.553320696696039144e-02,-3.553320696696039144e-02
2.603246069025292098e+00,2.603246069025292098e+00,2.463425905831876594e+00,2.358250740753842667e+00,-1.465385377505275342e-03,-2.247867517491594636e-02,-3.355737363161130637e-02,-3.551811469335800636e-02,-3.553097195556039617e-02,-3.553097195556039617e-02,-3.553097195556039617e-02
2.273487554137448630e+00,2.157098815304240080e+00,2.157098815304240080e+00,2.157098815304240080e+00,-2.931947185086536053e-02,-3.449524912667628618e-02,-3.552940206763298414e-02,-3.552940206763298414e-02,-3.553075401937783734e-02,-3.553075401937783734e-02,-3.553075401937783734e-02
-2.112195059074999798e-02,-2.112195059074999798e-02,-2.740328713109765196e-02,-3.537861580195847400e-02,-3.537861580195847400e-02,-3.537861580195847400e-02,-3.537861580195847400e-02,-3.537861580195847400e-02,-3.537861580195847400e-02,-3.537861580195847400e-02,-3.553297768983870036e-02
-3.213913682293085411e-02,-3.213913682293085411e-02,-3.213913682293085411e-02,-3.213913682293085411e-02,-3.213913682293085411e-02,-3.298957222313787102e-02,-3.543886170047136353e-02,-3.543886170047136353e-02,-3.543886170047136353e-02,-3.543886170047136353e-02,-3.543886170047136353e-02
2.906328767633971702e-02,2.247092958931411200e-02,2.247092958931411200e-02,2.247092958931411200e-02,-2.991996737451034158e-02,-3.479597783483029394e-02,-3.479597783483029394e-02,-3.479597783483029394e-02,-3.479597783483029394e-02,-3.479597783483029394e-02,-3.548064213727710609e-02
1.629950809413216739e-01,1.629950809413216739e-01,1.217609535970818890e-01,1.217609535970818890e-01,1.840992215110062724e-02,-3.405081925548574667e-02,-3.539625478576908374e-02,-3.547798860004119231e-02,-3.547798860004119231e-02,-3.547798860004119231e-02,-3.547798860004119231e-02
-3.290685918386242886e-02,-3.290685918386242886e-02,-3.290685918386242886e-02,-3.290685918386242886e-02,-3.290685918386242886e-02,-3.290685918386242886e-02,-3.290685918386242886e-02,-3.551202163439322324e-02,-3.551202163439322324e-02,-3.551202163439322324e-02,-3.551202163439322324e-02
1.248711649596833707e-02,8.783551354852215873e-03,3.580109626904158949e-03,5.606694037797687030e-04,-3.337543286075859289e-02,-3.499044190551176686e-02,-3.499044190551176686e-02,-3.499044190551176686e-02,-3.499044190551176686e-02,-3.499044190551176686e-02,-3.499044190551176686e-02
2.266252538358301538e-02,-2.278173398956127166e-02,-3.107298005558479376e-02,-3.107298005558479376e-02,-3.107298005558479376e-02,-3.344893494613170731e-02,-3.550734631685692477e-02,-3.550734631685692477e-02,-3.550734631685692477e-02,-3.550734631685692477e-02,-3.550734631685692477e-02
1.397119277247740043e-01,1.397119277247740043e-01,2.011104806031247319e-02,2.011104806031247319e-02,-1.743415648479678184e-02,-3.539936816616357645e-02,-3.539936816616357645e-02,-3.539936816616357645e-02,-3.553251541723906337e-02,-3.553251541723906337e-02,-3.553251541723906337e-02
1.789694169763304255e-01,7.559088900985484749e-02,8.449150360147688471e-03,-1.484421505693270986e-03,-3.320901411009920257e-02,-3.320901411009920257e-02,-3.320901411009920257e-02,-3.550698351718818008e-02,-3.550698351718818008e-02,-3.550698351718818008e-02,-3.550698351718818008e-02
-3.527328506629433952e-02,-3.527328506629433952e-02,-3.527328506629433952e-02,-3.527328506629433952e-02,-3.527328506629433952e-02,-3.527328506629433952e-02,-3.539625478576908374e-02,-3.552234396380606063e-02,-3.553388074542354613e-02,-3.553388074542354613e-02,-3.553388074542354613e-02
1.652800181863596785e-01,1.652800181863596785e-01,7.261091652743500990e-02,-1.766255509138595775e-02,-3.521013471419907198e-02,-3.521013471419907198e-02,-3.521013471419907198e-02,-3.521013471419907198e-02,-3.521013471419907198e-02,-3.521013471419907198e-02,-3.521013471419907198e-02
2.250581500840803939e-01,1.282696905878621674e-01,7.061678428202060320e-02,-2.826016046581195096e-02,-3.379194012021850824e-02,-3.379194012021850824e-02,-3.379194012021850824e-02,-3.550732337277373585e-02,-3.550732337277373585e-02,-3.550732337277373585e-02,-3.551488134250532780e-02
-3.410116944967877400e-02,-3.410116944967877400e-02,-3.410116944967877400e-02,-3.551660870272436987e-02,-3.551660870272436987e-02,-3.551660870272436987e-02,-3.551660870272436987e-02,-3.553067497382888379e-02,-3.553067497382888379e-02,-3.553067497382888379e-02,-3.553067497382888379e-02
-2.003655468586390195e-02,-2.003655468586390195e-02,-3.551236127321931446e-02,-3.551236127321931446e-02,-3.551236127321931446e-02,-3.551236127321931446e-02,-3.551236127321931446e-02,-3.553067497382888379e-02,-3.553067497382888379e-02,-3.553067497382888379e-02,-3.553067497382888379e-02
2.088130728730454577e-01,1.119777668146417354e-01,5.353749800747451687e-02,-3.470178640551171284e-02,-3.470178640551171284e-02,-3.470178640551171284e-02,-3.470178640551171284e-02,-3.553250066257927081e-02,-3.553250066257927081e-02,-3.553250066257927081e-02,-3.553250066257927081e-02
