-1.323603753987391052e+00,-1.323603753987391052e+00,-1.323603753987391052e+00,-1.359708332384740537e+00,-1.359708332384740537e+00,-1.359708332384740537e+00,-9.615550536655067759e+00,-9.615550536655067759e+00,-9.615550536655067759e+00,-1.538364642900133106e+01
-1.484977847708316645e+00,-1.484977847708316645e+00,-1.493198550096302757e+00,-1.496985179576549196e+00,-1.496985179576549196e+00,-1.496985179576549196e+00,-1.679717931773964779e+00,-1.679717931773964779e+00,-1.679717931773964779e+00,-1.861804501556472591e+00
-1.440993569881990455e+00,-1.440993569881990455e+00,-1.440993569881990455e+00,-1.543717219476157476e+00,-1.543717219476157476e+00,-1.543717219476157476e+00,-1.609220818611475368e+00,-1.609220818611475368e+00,-1.609220818611475368e+00,-1.795241879756330317e+00
-1.415133038709542435e+00,-1.415133038709542435e+00,-1.415133038709542435e+00,-1.426841875893863465e+00,-1.426841875893863465e+00,-1.713049894107589122e+00,-1.967130382592429072e+01,-1.967130382592429072e+01,-1.967130382592429072e+01,-1.494365700082894932e+02
-1.471377838200037536e+00,-1.471377838200037536e+00,-1.471377838200037536e+00,-1.520570584201940134e+00,-1.520570584201940134e+00,-1.520570584201940134e+00,-2.015359810546675234e+00,-2.015359810546675234e+00,-2.015359810546675234e+00,-4.769597766981376274e+00
-1.445851959774228979e+00,-1.445851959774228979e+00,-1.445851959774228979e+00,-1.512179304376706002e+00,-1.512179304376706002e+00,-1.512179304376706002e+00,-1.877553398599536294e+00,-1.877553398599536294e+00,-1.877553398599536294e+00,-1.923776877536722996e+00
-1.340867818472093687e+00,-1.340867818472093687e+00,-1.340867818472093687e+00,-1.475629480678940730e+00,-1.475629480678940730e+00,-1.475629480678940730e+00,-1.691535539914424735e+00,-1.691535539914424735e+00,-1.691535539914424735e+00,-1.826782788176888550e+00
-1.360919037007544352e+00,-1.360919037007544352e+00,-1.360919037007544352e+00,-1.402774710405590985e+00,-1.402774710405590985e+00,-1.402774710405590985e+00,-2.138544438531608805e+00,-2.138544438531608805e+00,-2.138544438531608805e+00,-3.933568165648772208e+00
-3.913148287168313200e-01,-3.942016682793890725e-01,-4.319975866855613744e-01,-4.743789287060468096e-01,-4.743789287060468096e-01,-4.743789287060468096e-01,-5.215742292586293960e-01,-5.215742292586293960e-01,-5.215742292586293960e-01,-5.524243875075925958e-01
-1.408005051166282273e+00,-1.408005051166282273e+00,-1.408005051166282273e+00,-1.486008965779007873e+00,-1.486008965779007873e+00,-1.486008965779007873e+00,-1.578758502422165755e+00,-1.578758502422165755e+00,-1.578758502422165755e+00,-1.604424769747783364e+00
-1.212427294487573803e+00,-1.212427294487573803e+00,-1.212427294487573803e+00,-1.302334530318201677e+00,-1.675638372023137812e+00,-1.675638372023137812e+00,-1.700654883541747431e+00,-1.700654883541747431e+00,-1.700654883541747431e+00,-1.792357187615054581e+00
-1.872049137988543721e-01,-1.872049137988543721e-01,-3.045967686240775851e-01,-8.558441236273246489e-01,-8.558441236273246489e-01,-8.558441236273246489e-01,-1.735636054657796024e+00,-1.735636054657796024e+00,-1.735636054657796024e+00,-1.673673968220900754e+00
-1.464149147711570453e+00,-1.464149147711570453e+00,-1.464149147711570453e+00,-1.566779420482775853e+00,-1.566779420482775853e+00,-1.566779420482775853e+00,-1.677327587338686588e+00,-1.677327587338686588e+00,-1.677327587338686588e+00,-1.734406587656719623e+00
-1.391513938141974327e+00,-1.391513938141974327e+00,-1.391513938141974327e+00,-1.313215598772835557e+00,-1.313215598772835557e+00,-1.313215598772835557e+00,-1.538172681482986359e+00,-1.538172681482986359e+00,-1.538172681482986359e+00,-2.823222110330815937e+00
-1.336106794563009181e+00,-1.336106794563009181e+00,-1.336106794563009181e+00,-1.294790847354522656e+00,-1.294790847354522656e+00,-1.294790847354522656e+00,-1.436817176533496720e+00,-1.436817176533496720e+00,-1.436817176533496720e+00,-1.527227398611880727e+00
-6.967720374802499617e-02,-7.106735535053856911e-02,-7.106735535053856911e-02,-8.095242881458092343e-02,-6.145120908527810233e-01,-6.145120908527810233e-01,-2.539007571430763055e-01,-9.717446761959115387e-01,-9.717446761959115387e-01,-2.226108510754736258e+00
3.044238678928536113e-02,-3.990643142179941399e-02,-1.158129070014534356e+00,-1.486425421257976165e+00,-1.486425421257976165e+00,-1.486425421257976165e+00,-1.818702063378676792e+00,-1.818702063378676792e+00,-1.818702063378676792e+00,-2.099492441641363172e+00
-1.425147299719066396e+00,-1.425147299719066396e+00,-1.425147299719066396e+00,-1.372243512923819520e+00,-1.372243512923819520e+00,-1.372243512923819520e+00,-1.405948935310190162e+00,-1.405948935310190162e+00,-1.405948935310190162e+00,-1.402305641179064644e+00
-1.340928131491285757e+00,-1.340928131491285757e+00,-1.340928131491285757e+00,-1.329308293797889284e+00,-1.329308293797889284e+00,-1.329308293797889284e+00,-1.537419193029287534e+00,-1.537419193029287534e+00,-1.537419193029287534e+00,-1.781612917887165803e+00
-1.327821368129992852e+00,-1.327821368129992852e+00,-1.327821368129992852e+00,-1.446227220500858834e+00,-1.446227220500858834e+00,-1.446227220500858834e+00,-1.709284759498983952e+00,-1.709284759498983952e+00,-1.709284759498983952e+00,-1.732329193527013977e+00
-1.395039197805905573e+00,-1.395039197805905573e+00,-1.395039197805905573e+00,-1.341919240992485163e+00,-1.341919240992485163e+00,-1.341919240992485163e+00,-4.197725740748092349e+00,-4.197725740748092349e+00,-4.197725740748092349e+00,-5.507831718069887472e+00
-1.393743238771994353e+00,-1.393743238771994353e+00,-1.393743238771994353e+00,-1.339629245290189452e+00,-1.339629245290189452e+00,-1.339629245290189452e+00,-1.656870431697669677e+00,-1.656870431697669677e+00,-1.656870431697669677e+00,-2.678513543755250303e+00
-1.374009319997107070e+00,-1.374009319997107070e+00,-1.374009319997107070e+00,-1.333079416645017279e+00,-1.333079416645017279e+00,-1.333079416645017279e+00,-1.993166043440213642e+00,-1.993166043440213642e+00,-1.993166043440213642e+00,-2.628481704683812481e+00
-1.326853349715449992e+00,-1.401117548084813036e+00,-1.600875344488632557e+00,-1.474989246144021049e+00,-1.474989246144021049e+00,-1.474989246144021049e+00,-1.680097787799265774e+00,-1.680097787799265774e+00,-1.680097787799265774e+00,-1.900146129777757986e+00
-1.396157815992367546e+00,-1.396157815992367546e+00,-1.396157815992367546e+00,-1.382890238659484572e+00,-1.382890238659484572e+00,-1.382890238659484572e+00,-1.891023595557918435e+00,-1.891023595557918435e+00,-1.891023595557918435e+00,-2.376584106666524310e+00
