-1.062162797265288339e-01,-1.062162797265288339e-01,-1.062162797265288339e-01,-1.062162797265288339e-01,-5.150400315196147494e-01,-5.150400315196147494e-01,-6.119691010599072056e-01,-7.881283040777882221e-01,-7.881283040777882221e-01,-7.881283040777882221e-01,-7.881283040777882221e-01
-1.476690425209302160e-01,-1.476690425209302160e-01,-2.900335924372308694e-01,-2.900335924372308694e-01,-2.900335924372308694e-01,-2.900335924372308694e-01,-2.900335924372308694e-01,-2.900335924372308694e-01,-2.900335924372308694e-01,-2.900335924372308694e-01,-7.777024240069867478e-01
-8.138223729031851539e-02,-1.583837215748025162e-01,-2.016418941870885551e-01,-2.302772067423097813e-01,-2.876425573560659754e-01,-2.876425573560659754e-01,-2.876425573560659754e-01,-2.876425573560659754e-01,-2.876425573560659754e-01,-2.876425573560659754e-01,-2.876425573560659754e-01
-7.519083226584881707e-01,-7.519083226584881707e-01,-7.519083226584881707e-01,-7.519083226584881707e-01,-7.544383454358278840e-01,-7.544383454358278840e-01,-7.544383454358278840e-01,-7.879843073866481529e-01,-7.879843073866481529e-01,-7.879843073866481529e-01,-7.886460706584083047e-01
-6.233458260642246729e-02,-1.314239435706567594e-01,-1.933003458160551802e-01,-2.400919888352232023e-01,-2.810975262557137699e-01,-2.810975262557137699e-01,-2.810975262557137699e-01,-2.810975262557137699e-01,-2.901400114693896137e-01,-2.901400114693896137e-01,-2.901400114693896137e-01
-2.822233165947143560e-02,-2.822233165947143560e-02,-7.808993922239362284e-01,-7.808993922239362284e-01,-7.880029118870063298e-01,-7.880029118870063298e-01,-7.880029118870063298e-01,-7.880029118870063298e-01,-7.880029118870063298e-01,-7.880029118870063298e-01,-7.880029118870063298e-01
-1.784564101487582377e-01,-2.549371892701095543e-01,-2.884826011611615337e-01,-2.884826011611615337e-01,-2.884826011611615337e-01,-2.884826011611615337e-01,-2.884826011611615337e-01,-2.884826011611615337e-01,-2.884826011611615337e-01,-2.884826011611615337e-01,-2.884826011611615337e-01
-9.347507225118527330e-02,-9.347507225118527330e-02,-9.347507225118527330e-02,-9.347507225118527330e-02,-9.347507225118527330e-02,-9.347507225118527330e-02,-9.347507225118527330e-02,-7.595593119809990190e-01,-7.595593119809990190e-01,-7.706307906869115376e-01,-7.874316678525373758e-01
-1.034441144636266685e-01,-1.051386134029092673e-01,-1.051386134029092673e-01,-1.051386134029092673e-01,-1.051386134029092673e-01,-1.051386134029092673e-01,-1.051386134029092673e-01,-1.051386134029092673e-01,-1.051386134029092673e-01,-1.307371953074792370e-01,-2.607658740527005747e-01
-7.449681563635632831e-01,-7.449681563635632831e-01,-7.449681563635632831e-01,-7.449681563635632831e-01,-7.865892981625017821e-01,-7.865892981625017821e-01,-7.865892981625017821e-01,-7.886157281197199165e-01,-7.886157281197199165e-01,-7.886157281197199165e-01,-7.886157281197199165e-01
-2.849726213242409489e-01,-2.849726213242409489e-01,-2.849726213242409489e-01,-2.849726213242409489e-01,-2.867947332745342526e-01,-2.867947332745342526e-01,-2.867947332745342526e-01,-2.867947332745342526e-01,-2.867947332745342526e-01,-2.867947332745342526e-01,-2.901401747504215867e-01
2.956079938895418702e-02,-1.746992659410674317e-02,-1.746992659410674317e-02,-2.314988594168811836e-02,-3.901196006425197704e-02,-1.020391668679056923e-01,-1.028247950788698933e-01,-1.028247950788698933e-01,-1.067343737438114920e-01,-2.147703630754523585e-01,-2.147703630754523585e-01
-1.012643776309772176e-01,-1.012643776309772176e-01,-1.012643776309772176e-01,-1.012643776309772176e-01,-1.012643776309772176e-01,-1.012643776309772176e-01,-1.012643776309772176e-01,-1.204953278874180828e-01,-2.301500185892517425e-01,-2.898835747814052510e-01,-2.898835747814052510e-01
-7.663630683996557058e-02,-7.663630683996557058e-02,-9.385432203369203918e-02,-1.035791825971806024e-01,-5.150400315196147494e-01,-5.150400315196147494e-01,-6.789543282690020387e-01,-7.752702885346627326e-01,-7.879545357326552812e-01,-7.879545357326552812e-01,-7.886541367183782514e-01
-3.579704098311638494e-01,-3.579704098311638494e-01,-3.579704098311638494e-01,-3.579704098311638494e-01,-4.754777979813872291e-01,-5.523073926991847182e-01,-6.193929386159739980e-01,-7.342714555778330210e-01,-7.820096492687126366e-01,-7.820096492687126366e-01,-7.885743480757891888e-01
-3.210960500568760950e-02,-3.210960500568760950e-02,-8.056331981244459206e-02,-1.149982022706888263e-01,-2.431421634288894462e-01,-2.431421634288894462e-01,-2.900162214564323548e-01,-7.308085412307619988e-01,-7.308085412307619988e-01,-7.308085412307619988e-01,-7.883573139644343142e-01
6.301137605881632076e-02,1.794415083154167923e-17,1.794415083154167923e-17,1.794415083154167923e-17,1.794415083154167923e-17,1.794415083154167923e-17,1.794415083154167923e-17,-7.308085412307619988e-01,-7.308085412307619988e-01,-7.308085412307619988e-01,-7.886852454547018665e-01
-6.963771223410720745e-01,-7.589224366110359776e-01,-7.589224366110359776e-01,-7.854761617303029908e-01,-7.885545049478073221e-01,-7.885545049478073221e-01,-7.885545049478073221e-01,-7.885545049478073221e-01,-7.885545049478073221e-01,-7.885545049478073221e-01,-7.885545049478073221e-01
-1.515255023425616798e-01,-1.515255023425616798e-01,-4.285746068815040610e-01,-6.383849250427737765e-01,-7.177966655924485906e-01,-7.720738833121192357e-01,-7.845613699987088463e-01,-7.845613699987088463e-01,-7.884536088654454655e-01,-7.884536088654454655e-01,-7.886734936468522417e-01
-1.701091736817570144e-01,-1.701091736817570144e-01,-1.701091736817570144e-01,-1.701091736817570144e-01,-2.471157819337461148e-01,-3.114738789200301450e-01,-3.606810203170906504e-01,-6.529590722260758540e-01,-7.475828078914824593e-01,-7.884229091713889082e-01,-7.884229091713889082e-01
1.957867671719585451e-02,1.957867671719585451e-02,1.957867671719585451e-02,1.407674862271905691e-02,-6.873984737541907752e-02,-9.941841518109331699e-02,-1.045759624000580090e-01,-1.045759624000580090e-01,-1.045759624000580090e-01,-5.122212341432356153e-01,-5.122212341432356153e-01
-4.979496129122320397e-02,-6.464640502727470039e-02,-6.464640502727470039e-02,-6.633161078402668998e-02,-9.593067864931408006e-02,-1.066755656033085559e-01,-1.066755656033085559e-01,-1.066755656033085559e-01,-1.066755656033085559e-01,-1.066755656033085559e-01,-1.066755656033085559e-01
-9.985838610993796882e-02,-9.985838610993796882e-02,-1.042878386110262096e-01,-1.042878386110262096e-01,-5.150400315196147494e-01,-5.150400315196147494e-01,-6.003297055275259586e-01,-7.886834819994207324e-01,-7.886834819994207324e-01,-7.886834819994207324e-01,-7.886834819994207324e-01
-3.452328375228394530e-02,-3.452328375228394530e-02,-3.452328375228394530e-02,-4.077157061170013641e-01,-4.077157061170013641e-01,-7.283106768178878587e-01,-7.836830830542060866e-01,-7.836830830542060866e-01,-7.884773103119172566e-01,-7.884773103119172566e-01,-7.884773103119172566e-01
-3.579840069257756580e-02,-4.584889745530095623e-02,-5.686333242673542732e-02,-6.685017991584207842e-02,-1.032070593918344853e-01,-1.032070593918344853e-01,-1.032070593918344853e-01,-1.032070593918344853e-01,-2.863102092570319890e-01,-2.863102092570319890e-01,-4.564641040801501459e-01
