-1.062162797265288339e-01,-1.062162797265288339e-01,-1.062162797265288339e-01,-1.062162797265288339e-01,-5.150400315196147494e-01,-5.150400315196147494e-01,-5.150400315196147494e-01,-5.150400315196147494e-01,-5.150400315196147494e-01,-5.150400315196147494e-01,-5.150400315196147494e-01
-1.476690425209302160e-01,-1.476690425209302160e-01,-1.476690425209302160e-01,-5.467158661168201039e-01,-5.467158661168201039e-01,-5.467158661168201039e-01,-5.467158661168201039e-01,-5.467158661168201039e-01,-5.467158661168201039e-01,-5.467158661168201039e-01,-7.866635130764093597e-01
-8.138223729031851539e-02,-8.138223729031851539e-02,-2.887075400253764079e-01,-2.887075400253764079e-01,-4.744788878133238685e-01,-7.845954044541235683e-01,-7.886511938080036366e-01,-7.886511938080036366e-01,-7.886511938080036366e-01,-7.886511938080036366e-01,-7.886511938080036366e-01
-7.519083226584881707e-01,-7.519083226584881707e-01,-7.519083226584881707e-01,-7.519083226584881707e-01,-7.519083226584881707e-01,-7.811329218183806766e-01,-7.867363508139713080e-01,-7.886683763956371385e-01,-7.886683763956371385e-01,-7.886683763956371385e-01,-7.886683763956371385e-01
-6.233458260642246729e-02,-1.990348575794950170e-01,-2.688392670571555509e-01,-2.688392670571555509e-01,-2.688392670571555509e-01,-2.688392670571555509e-01,-2.688392670571555509e-01,-2.688392670571555509e-01,-2.688392670571555509e-01,-7.359209874163998855e-01,-7.359209874163998855e-01
-2.822233165947143560e-02,-4.219462067962146401e-01,-4.219462067962146401e-01,-4.219462067962146401e-01,-7.602843517792476913e-01,-7.602843517792476913e-01,-7.886507514605981539e-01,-7.886507514605981539e-01,-7.886507514605981539e-01,-7.886507514605981539e-01,-7.886507514605981539e-01
-1.784564101487582377e-01,-2.836419265845744331e-01,-2.836419265845744331e-01,-2.836419265845744331e-01,-2.836419265845744331e-01,-2.836419265845744331e-01,-2.836419265845744331e-01,-2.836419265845744331e-01,-2.836419265845744331e-01,-2.836419265845744331e-01,-2.836419265845744331e-01
-9.347507225118527330e-02,-9.347507225118527330e-02,-9.347507225118527330e-02,-9.347507225118527330e-02,-9.347507225118527330e-02,-9.347507225118527330e-02,-5.823405147960515338e-01,-5.823405147960515338e-01,-7.153314406539127424e-01,-7.644331509287297655e-01,-7.886545670806880404e-01
-1.034441144636266685e-01,-1.034441144636266685e-01,-1.034441144636266685e-01,-1.034441144636266685e-01,-1.034441144636266685e-01,-1.034441144636266685e-01,-1.034441144636266685e-01,-1.034441144636266685e-01,-1.034441144636266685e-01,-1.034441144636266685e-01,-1.836717801426435426e-01
-7.449681563635632831e-01,-7.449681563635632831e-01,-7.886170282690382338e-01,-7.886170282690382338e-01,-7.886170282690382338e-01,-7.886170282690382338e-01,-7.886170282690382338e-01,-7.886170282690382338e-01,-7.886170282690382338e-01,-7.886170282690382338e-01,-7.886170282690382338e-01
-2.849726213242409489e-01,-4.487559438561416481e-01,-4.487559438561416481e-01,-4.487559438561416481e-01,-4.487559438561416481e-01,-6.852505777849634550e-01,-7.673542197855364178e-01,-7.886061139487614557e-01,-7.886061139487614557e-01,-7.886061139487614557e-01,-7.886061139487614557e-01
2.956079938895418702e-02,5.527100609162929369e-03,-2.873233925489512928e-03,-2.873233925489512928e-03,-1.137836960462310261e-02,-2.219345440907558378e-02,-1.901161212778351706e-01,-1.901161212778351706e-01,-1.901161212778351706e-01,-2.676413512968359720e-01,-2.676413512968359720e-01
-1.012643776309772176e-01,-1.012643776309772176e-01,-1.012643776309772176e-01,-1.012643776309772176e-01,-1.012643776309772176e-01,-6.050076935153011481e-01,-6.050076935153011481e-01,-7.272486131383514296e-01,-7.804499544535099531e-01,-7.881165923301090004e-01,-7.881165923301090004e-01
-7.663630683996557058e-02,-1.021890242983223424e-01,-1.065275829541465630e-01,-1.065275829541465630e-01,-5.150400315196147494e-01,-5.150400315196147494e-01,-5.150400315196147494e-01,-5.150400315196147494e-01,-5.150400315196147494e-01,-5.150400315196147494e-01,-5.150400315196147494e-01
-3.579704098311638494e-01,-3.579704098311638494e-01,-3.579704098311638494e-01,-3.579704098311638494e-01,-3.579704098311638494e-01,-6.530486424539765355e-01,-7.588493536480077628e-01,-7.885791903355586774e-01,-7.885791903355586774e-01,-7.885791903355586774e-01,-7.885791903355586774e-01
-3.210960500568760950e-02,-2.776321188881229474e-01,-2.776321188881229474e-01,-2.776321188881229474e-01,-5.150400315196147494e-01,-7.826537666541317773e-01,-7.884901601485173606e-01,-7.886428236190005103e-01,-7.886428236190005103e-01,-7.886428236190005103e-01,-7.886428236190005103e-01
6.301137605881632076e-02,5.527100609162929369e-03,5.527100609162929369e-03,5.527100609162929369e-03,5.527100609162929369e-03,-3.907270415624821552e-02,-2.816322307479503517e-01,-2.816322307479503517e-01,-2.816322307479503517e-01,-2.816322307479503517e-01,-7.861137498811880953e-01
-6.963771223410720745e-01,-6.963771223410720745e-01,-7.826193588555233616e-01,-7.886832576226411318e-01,-7.886832576226411318e-01,-7.886832576226411318e-01,-7.886832576226411318e-01,-7.886832576226411318e-01,-7.886832576226411318e-01,-7.886832576226411318e-01,-7.886832576226411318e-01
-1.515255023425616798e-01,-1.515255023425616798e-01,-6.004372174131064055e-01,-7.548914355076919991e-01,-7.886295430651374394e-01,-7.886295430651374394e-01,-7.886295430651374394e-01,-7.886295430651374394e-01,-7.886295430651374394e-01,-7.886295430651374394e-01,-7.886295430651374394e-01
-1.701091736817570144e-01,-1.701091736817570144e-01,-1.701091736817570144e-01,-1.701091736817570144e-01,-5.150400315196147494e-01,-5.150400315196147494e-01,-5.150400315196147494e-01,-5.150400315196147494e-01,-5.150400315196147494e-01,-7.886307711250405417e-01,-7.886307711250405417e-01
1.957867671719585451e-02,-1.021890242983223424e-01,-1.021890242983223424e-01,-1.021890242983223424e-01,-5.150400315196147494e-01,-7.050001834767306574e-01,-7.050001834767306574e-01,-7.875693631055685762e-01,-7.883273287789792638e-01,-7.883273287789792638e-01,-7.883273287789792638e-01
-4.979496129122320397e-02,-4.979496129122320397e-02,-9.635489664230799389e-02,-9.635489664230799389e-02,-1.064354984246125568e-01,-1.064354984246125568e-01,-1.064354984246125568e-01,-7.308085412307619988e-01,-7.308085412307619988e-01,-7.886743112685481449e-01,-7.886743112685481449e-01
-9.985838610993796882e-02,-1.017844335071539652e-01,-1.017844335071539652e-01,-1.017844335071539652e-01,-5.150400315196147494e-01,-6.422131374761288480e-01,-6.422131374761288480e-01,-7.867547823638224580e-01,-7.867547823638224580e-01,-7.867547823638224580e-01,-7.867547823638224580e-01
-3.452328375228394530e-02,-4.219462067962146401e-01,-4.219462067962146401e-01,-4.219462067962146401e-01,-4.219462067962146401e-01,-7.229138077022685405e-01,-7.848109492753716498e-01,-7.886800502742439267e-01,-7.886800502742439267e-01,-7.886800502742439267e-01,-7.886800502742439267e-01
-3.579840069257756580e-02,-1.048085734502015587e-01,-1.048085734502015587e-01,-1.057751257553857377e-01,-1.057751257553857377e-01,-1.521060484062587426e-01,-4.795565860712331374e-01,-4.795565860712331374e-01,-4.795565860712331374e-01,-4.795565860712331374e-01,-7.738463690499995939e-01
