6.793745070905583550e-01,6.793745070905583550e-01,5.935297983685295264e+00,1.999983889189064001e+01,1.999983889189064001e+01,1.999983889189064001e+01,2.377884977392689780e+00,2.377884977392689780e+00,2.377884977392689780e+00,6.965837456589086818e-01
4.720671663670072404e-01,4.720671663670072404e-01,4.720671663670072404e-01,1.508510948974136179e+00,1.508510948974136179e+00,1.508510948974136179e+00,9.328478367692049078e-01,9.328478367692049078e-01,9.328478367692049078e-01,5.682889708977547638e-01
1.999999087353982219e+01,1.650483947524522266e-01,1.650483947524522266e-01,3.039600605163870761e-01,3.039600605163870761e-01,3.039600605163870761e-01,4.596726709038822523e-01,4.596726709038822523e-01,4.596726709038822523e-01,5.604047703495546040e-01
1.999999999999967315e+01,2.812305465388833081e+00,2.812305465388833081e+00,2.152222813265749490e+00,2.152222813265749490e+00,2.152222813265749490e+00,6.630742593594564083e-01,6.630742593594564083e-01,6.630742593594564083e-01,4.628729386732661766e-01
9.634683391689582987e-02,9.634683391689582987e-02,9.634683391689582987e-02,5.593888741470031123e-01,5.593888741470031123e-01,5.593888741470031123e-01,3.940137085468748412e-01,3.940137085468748412e-01,3.940137085468748412e-01,2.716470381828309799e-01
1.064103124541628809e+00,1.064103124541628809e+00,1.200855243020792384e+00,1.973623691766074018e+01,1.999999008830991087e+01,1.999999008830991087e+01,8.332021337320867360e+00,8.332021337320867360e+00,8.332021337320867360e+00,5.698707828704293377e+00
2.000000000000000000e+01,2.000000000000000000e+01,5.135361538118794478e+00,8.769871839567345617e+00,8.769871839567345617e+00,8.769871839567345617e+00,1.767523250549459801e+00,7.563638072562340220e+00,7.563638072562340220e+00,3.014163031133534898e-01
5.259547070117047696e-01,5.259547070117047696e-01,1.999993250126405187e+01,1.999989277866793458e+01,1.999989277866793458e+01,1.999989277866793458e+01,1.769080158580007334e+00,1.769080158580007334e+00,1.769080158580007334e+00,6.975361989609222269e-01
2.362789708185089044e+00,2.362789708185089044e+00,1.613760034147312172e+00,6.982987066251207686e+00,1.494750365278382453e+00,1.494750365278382453e+00,8.116384765032209625e-01,8.116384765032209625e-01,8.116384765032209625e-01,2.905925977830906004e-01
2.000000000000000000e+01,2.000000000000000000e+01,4.842746153084500627e+00,1.271166106753265268e+01,1.271166106753265268e+01,4.428489219518939812e+00,1.870006454174340194e+00,1.870006454174340194e+00,1.870006454174340194e+00,1.270518785283748286e+00
2.087568376173176143e-01,2.087568376173176143e-01,2.087568376173176143e-01,2.505940617746821308e-01,2.505940617746821308e-01,2.505940617746821308e-01,4.614690611210985893e-01,4.614690611210985893e-01,4.614690611210985893e-01,3.891854371979108773e-01
2.000000000000000000e+01,1.999999993788993891e+01,1.999999993788993891e+01,9.635117253142667926e-02,9.635117253142667926e-02,9.635117253142667926e-02,5.964113791669591880e-01,5.964113791669591880e-01,5.964113791669591880e-01,3.116509386538633408e-01
6.999765435667032465e-01,6.999765435667032465e-01,4.468558445995992834e+00,5.769681339125203756e+00,5.769681339125203756e+00,4.928694826610144020e+00,5.352515834159772723e+00,5.352515834159772723e+00,5.352515834159772723e+00,1.917344020337857557e+00
1.345302374604715823e+01,8.203519800524125216e+00,5.307221350690070949e+00,3.228786144833683203e+00,3.228786144833683203e+00,3.228786144833683203e+00,3.744018028937652343e+00,3.744018028937652343e+00,3.744018028937652343e+00,3.946515303155477827e+00
2.000000000000000000e+01,2.000000000000000000e+01,2.000000000000000000e+01,1.282220515257927129e+00,1.282220515257927129e+00,1.282220515257927129e+00,1.233757817957626401e-01,1.233757817957626401e-01,1.233757817957626401e-01,2.125500671303597044e-01
6.154630183603247984e-01,6.154630183603247984e-01,6.154630183603247984e-01,5.803555488073018909e-01,5.803555488073018909e-01,5.803555488073018909e-01,1.531263513016093425e+00,1.531263513016093425e+00,1.531263513016093425e+00,4.688532879622273053e-01
6.931182267009874942e-02,6.931182267009874942e-02,6.931182267009874942e-02,4.395386196861378325e-01,4.395386196861378325e-01,4.395386196861378325e-01,5.785966697498944739e-02,5.785966697498944739e-02,5.785966697498944739e-02,1.031702844127970337e-01
1.186520807052154236e+00,1.186520807052154236e+00,1.186520807052154236e+00,7.009255023354900027e-01,1.718589544366027289e+00,1.718589544366027289e+00,1.778308517681466583e+00,1.778308517681466583e+00,1.778308517681466583e+00,4.654814439711168483e-01
5.836539238286072573e-01,4.494299132819034703e+00,4.494299132819034703e+00,5.894268683206046688e+00,5.894268683206046688e+00,5.894268683206046688e+00,1.999999334384605021e+01,1.999999334384605021e+01,1.999999334384605021e+01,3.618738113033627801e+00
2.000000000000000000e+01,2.000000000000000000e+01,1.999999399572679337e+01,2.531778398467104604e-02,2.531778398467104604e-02,2.531778398467104604e-02,1.038550252282132158e-01,1.038550252282132158e-01,1.038550252282132158e-01,1.041299049778552505e-01
2.283457738522538083e+00,3.309662999321665300e+00,1.073578610524817734e+00,1.406325520066805979e+01,1.406325520066805979e+01,1.406325520066805979e+01,2.452606385354172414e+00,2.452606385354172414e+00,2.452606385354172414e+00,8.646147630999977407e-01
1.999997310897848735e+01,1.008860714854722929e+01,1.008860714854722929e+01,1.999988897791353892e+01,1.999988897791353892e+01,8.633904362098743235e+00,6.519830743581856325e+00,6.519830743581856325e+00,6.519830743581856325e+00,4.367127092826168955e+00
7.109708172938228321e-01,6.185623179636683844e+00,1.598709012449278655e+00,9.059365002486950758e+00,9.059365002486950758e+00,9.059365002486950758e+00,8.938728627913128388e-01,8.938728627913128388e-01,8.938728627913128388e-01,4.555851395537293125e-01
1.072095717707951534e-01,1.072095717707951534e-01,1.072095717707951534e-01,5.995190393929823447e-01,5.995190393929823447e-01,5.995190393929823447e-01,6.356553509055875573e-01,6.356553509055875573e-01,6.356553509055875573e-01,7.462591806960935381e-01
1.203950095668279019e+01,1.203950095668279019e+01,1.999999994951951265e+01,6.835017613510776080e+00,5.667312424448426533e+00,5.667312424448426533e+00,6.391164923712209678e+00,4.342465347253507524e+00,4.342465347253507524e+00,2.121355882472768517e+00
