1.999999998284391012e+01,1.999999998284391012e+01,1.999999998284391012e+01,5.917570508687940212e+00,5.917570508687940212e+00,5.917570508687940212e+00,1.999378713579539557e+00,1.999378713579539557e+00,8.318211680993609081e-01,1.126979699470125329e+00
1.999994073241336423e+01,1.999994073241336423e+01,1.052837284828260916e-01,9.520455242893706427e-02,9.520455242893706427e-02,9.520455242893706427e-02,1.731476623652321301e-01,1.731476623652321301e-01,1.731476623652321301e-01,4.003208941998913362e-02
1.999994180236571140e+01,2.277211278061298393e-04,2.277211278061298393e-04,9.975843647687721027e-02,9.975843647687721027e-02,9.975843647687721027e-02,9.806734375690469296e-02,9.806734375690469296e-02,9.806734375690469296e-02,7.239763225746308206e-02
3.060365550508473920e+00,3.060365550508473920e+00,3.060365550508473920e+00,1.000000022819896587e-06,1.000000022819896587e-06,1.000000022819896587e-06,3.773541371723628246e-01,3.773541371723628246e-01,3.773541371723628246e-01,2.688630874510721802e-01
9.681432018855087862e-02,9.681432018855087862e-02,9.681432018855087862e-02,1.185945693830289388e-01,1.185945693830289388e-01,1.185945693830289388e-01,1.034901130088909382e-01,1.034901130088909382e-01,1.034901130088909382e-01,6.843825679167635234e-02
2.000000000000000000e+01,2.000000000000000000e+01,2.000000000000000000e+01,1.903722680800159051e+00,1.787217123973745991e+00,1.787217123973745991e+00,1.999999999996881073e+01,1.999999999996881073e+01,1.999999999996881073e+01,1.427744311363114527e+00
7.493116748716947828e-02,7.493116748716947828e-02,7.493116748716947828e-02,1.424184105137467626e-01,1.424184105137467626e-01,1.424184105137467626e-01,7.141616391209454351e-02,7.141616391209454351e-02,7.141616391209454351e-02,8.616075927048398933e-03
8.315693049157617256e-02,8.315693049157617256e-02,8.315693049157617256e-02,1.964848658843412199e-01,1.964848658843412199e-01,1.964848658843412199e-01,1.153761700799230960e-01,1.153761700799230960e-01,1.153761700799230960e-01,9.068181794074200996e-02
1.999999986774345118e+01,1.999999986774345118e+01,1.999999986774345118e+01,2.588536955690455166e+00,2.588536955690455166e+00,2.588536955690455166e+00,1.647747791639019521e+00,1.647747791639019521e+00,3.887611588734184997e-01,4.079471742988161065e-02
2.882379992177276584e+00,2.882379992177276584e+00,2.882379992177276584e+00,1.999999726256904609e+01,2.110919614851145820e-01,2.110919614851145820e-01,2.447200117885544798e-02,2.447200117885544798e-02,2.447200117885544798e-02,4.534584570726152243e-04
1.999999891644555206e+01,1.999999891644555206e+01,1.999999891644555206e+01,5.066973618169609908e-03,5.066973618169609908e-03,5.066973618169609908e-03,1.189927541079821701e-03,1.189927541079821701e-03,1.189927541079821701e-03,2.063695263961470784e-04
1.999994792423883183e+01,1.999993400551454670e+01,1.999993400551454670e+01,1.961497682898911687e+00,1.961497682898911687e+00,1.961497682898911687e+00,9.662713207975632823e-01,8.808421860705178963e-02,8.808421860705178963e-02,1.480043849154895341e-01
8.339026442572908260e-02,8.339026442572908260e-02,8.339026442572908260e-02,5.822151467771830013e-01,5.822151467771830013e-01,5.822151467771830013e-01,1.041552608822000625e-01,1.041552608822000625e-01,1.041552608822000625e-01,8.166534961299375117e-02
1.999994792697179946e+01,1.999999524916879423e+01,1.999999952372040468e+01,2.088291567238784729e+00,3.479968749454246169e+00,3.479968749454246169e+00,3.667200060990714050e-01,6.659455808295399848e+00,6.659455808295399848e+00,1.673387471127390780e-01
3.712680705162815786e-01,3.712680705162815786e-01,3.712680705162815786e-01,1.999990338597437045e+01,1.727766171315789356e-01,1.727766171315789356e-01,1.266684128808832632e-01,1.266684128808832632e-01,1.266684128808832632e-01,1.236699419828481139e-01
1.999999999999835154e+01,1.999998582575059203e+01,1.999992399943870325e+01,1.999985081753884586e+01,1.999985081753884586e+01,1.999985081753884586e+01,2.595354922456590829e-01,2.595354922456590829e-01,2.595354922456590829e-01,1.588507406366560792e-01
1.015605168334599850e-01,1.015605168334599850e-01,1.015605168334599850e-01,1.019148262871880095e-01,1.019148262871880095e-01,1.019148262871880095e-01,1.257378149978481963e-01,4.101136761548408449e-01,4.101136761548408449e-01,7.476386143706891252e-01
1.058337183051488051e+00,1.058337183051488051e+00,1.058337183051488051e+00,2.588199287292813455e+00,2.588199287292813455e+00,2.588199287292813455e+00,2.000000000000000000e+01,3.517914912355820878e+00,3.517914912355820878e+00,1.176537347765364450e+00
1.999999999999987210e+01,1.999999999999987210e+01,1.999999999999987210e+01,6.025450275367636582e-02,6.025450275367636582e-02,6.025450275367636582e-02,2.144010173894950466e-01,2.144010173894950466e-01,2.144010173894950466e-01,8.948665400771557699e-02
2.000000000000000000e+01,4.463499677189434328e-02,4.463499677189434328e-02,1.206475866544348963e-01,1.206475866544348963e-01,1.206475866544348963e-01,2.412327628626247111e-01,2.412327628626247111e-01,2.412327628626247111e-01,1.503878413668899017e-01
2.000000000000000000e+01,1.999990769245108169e+01,1.999990769245108169e+01,1.133943943566609214e+01,5.771393193530672150e+00,6.206670740220600280e+00,4.060451688616709021e+00,4.060451688616709021e+00,2.648958039914434681e-01,3.465143548253130312e+00
1.999994474423279556e+01,1.999999999216253244e+01,1.999999999216253244e+01,1.999978334314075923e+01,8.197479257080284576e-01,8.197479257080284576e-01,2.390370762820362982e-01,2.390370762820362982e-01,2.390370762820362982e-01,1.355044620487871887e-01
2.000000000000000000e+01,1.999999190276052374e+01,1.999999190276052374e+01,5.571187280442291723e+00,3.286017978152477426e+00,3.286017978152477426e+00,1.999999402062834974e+01,2.021536201837669522e-01,2.021536201837669522e-01,1.439556162182286103e-01
2.000000000000000000e+01,2.000000000000000000e+01,2.000000000000000000e+01,2.000000000000000000e+01,4.713745105834889482e-01,4.713745105834889482e-01,1.020137796102018740e-01,1.020137796102018740e-01,1.020137796102018740e-01,2.414323417839905617e-01
1.999999296630306844e+01,1.999996844108293459e+01,1.999996844108293459e+01,9.512184348204170803e+00,4.883452981720397545e+00,5.115104349165278563e+00,3.249850098377666807e+00,3.249850098377666807e+00,3.249850098377666807e+00,2.445875601649608821e+00
