-1.062162797265288339e-01,-1.062162797265288339e-01,-5.884135711545354086e-01,-5.884135711545354086e-01,-5.884135711545354086e-01,-7.839484903641245062e-01,-7.839484903641245062e-01,-7.839484903641245062e-01,-7.839484903641245062e-01,-7.839484903641245062e-01,-7.839484903641245062e-01
-1.476690425209302160e-01,-5.882231179724096704e-01,-5.882231179724096704e-01,-5.882231179724096704e-01,-5.882231179724096704e-01,-5.882231179724096704e-01,-7.397494028243973840e-01,-7.886670601819912862e-01,-7.886670601819912862e-01,-7.886670601819912862e-01,-7.886670601819912862e-01
-8.138223729031851539e-02,-1.012109086773482769e-01,-1.012109086773482769e-01,-1.012109086773482769e-01,-1.012109086773482769e-01,-1.012109086773482769e-01,-5.229339723168651144e-01,-5.229339723168651144e-01,-5.229339723168651144e-01,-7.766009100556758860e-01,-7.766009100556758860e-01
-7.519083226584881707e-01,-7.519083226584881707e-01,-7.594698892259610368e-01,-7.594698892259610368e-01,-7.594698892259610368e-01,-7.864165376818957887e-01,-7.864165376818957887e-01,-7.864165376818957887e-01,-7.864165376818957887e-01,-7.864165376818957887e-01,-7.864165376818957887e-01
-6.233458260642246729e-02,-6.233458260642246729e-02,-6.233458260642246729e-02,-6.233458260642246729e-02,-6.233458260642246729e-02,-6.233458260642246729e-02,-2.821645408427311263e-01,-2.821645408427311263e-01,-2.821645408427311263e-01,-2.821645408427311263e-01,-5.150501204470712135e-01
-2.822233165947143560e-02,-5.882231179724096704e-01,-5.882231179724096704e-01,-5.882231179724096704e-01,-5.882231179724096704e-01,-7.841369874818017172e-01,-7.841369874818017172e-01,-7.841369874818017172e-01,-7.841369874818017172e-01,-7.841369874818017172e-01,-7.841369874818017172e-01
-1.784564101487582377e-01,-1.784564101487582377e-01,-1.784564101487582377e-01,-1.784564101487582377e-01,-1.784564101487582377e-01,-1.784564101487582377e-01,-1.784564101487582377e-01,-1.784564101487582377e-01,-2.830708777111842767e-01,-2.830708777111842767e-01,-4.517591540314808696e-01
-9.347507225118527330e-02,-5.882231179724096704e-01,-5.882231179724096704e-01,-7.861229892658146978e-01,-7.861229892658146978e-01,-7.861229892658146978e-01,-7.861229892658146978e-01,-7.861229892658146978e-01,-7.861229892658146978e-01,-7.861229892658146978e-01,-7.861229892658146978e-01
-1.034441144636266685e-01,-1.034441144636266685e-01,-1.034441144636266685e-01,-5.398801141990829944e-01,-5.398801141990829944e-01,-7.642918381381283988e-01,-7.642918381381283988e-01,-7.642918381381283988e-01,-7.884994667222929854e-01,-7.884994667222929854e-01,-7.884994667222929854e-01
-7.449681563635632831e-01,-7.449681563635632831e-01,-7.449681563635632831e-01,-7.449681563635632831e-01,-7.848751976731070945e-01,-7.848751976731070945e-01,-7.848751976731070945e-01,-7.848751976731070945e-01,-7.848751976731070945e-01,-7.848751976731070945e-01,-7.848751976731070945e-01
-2.849726213242409489e-01,-2.849726213242409489e-01,-2.849726213242409489e-01,-2.849726213242409489e-01,-2.849726213242409489e-01,-2.849726213242409489e-01,-2.849726213242409489e-01,-2.849726213242409489e-01,-7.306139954741199816e-01,-7.306139954741199816e-01,-7.702644356665864223e-01
2.956079938895418702e-02,6.470202934495137941e-03,-4.675352033419730158e-02,-1.058309570018194645e-01,-1.220748595051994734e-01,-1.220748595051994734e-01,-1.220748595051994734e-01,-1.220748595051994734e-01,-2.830708777111842767e-01,-2.830708777111842767e-01,-7.526393471266795698e-01
-1.012643776309772176e-01,-5.882231179724096704e-01,-5.882231179724096704e-01,-5.882231179724096704e-01,-5.882231179724096704e-01,-7.872919024119925391e-01,-7.872919024119925391e-01,-7.872919024119925391e-01,-7.872919024119925391e-01,-7.877915346604266178e-01,-7.877915346604266178e-01
-7.663630683996557058e-02,-7.663630683996557058e-02,-7.663630683996557058e-02,-2.631838109096288347e-01,-2.631838109096288347e-01,-2.631838109096288347e-01,-2.631838109096288347e-01,-2.631838109096288347e-01,-2.631838109096288347e-01,-2.898487380512372313e-01,-7.552332419895855242e-01
-3.579704098311638494e-01,-5.882231179724096704e-01,-5.882231179724096704e-01,-5.882231179724096704e-01,-5.882231179724096704e-01,-7.886794685147319184e-01,-7.886794685147319184e-01,-7.886794685147319184e-01,-7.886794685147319184e-01,-7.886794685147319184e-01,-7.886794685147319184e-01
-3.210960500568760950e-02,-5.882231179724096704e-01,-5.882231179724096704e-01,-5.882231179724096704e-01,-7.857303312561754183e-01,-7.857303312561754183e-01,-7.857303312561754183e-01,-7.857303312561754183e-01,-7.857303312561754183e-01,-7.857303312561754183e-01,-7.857303312561754183e-01
6.301137605881632076e-02,6.470202934495137941e-03,6.470202934495137941e-03,-2.359171465650496818e-02,-2.359171465650496818e-02,-9.757052922123471417e-02,-9.757052922123471417e-02,-2.666730568079065944e-01,-2.666730568079065944e-01,-2.666730568079065944e-01,-7.552332419895855242e-01
-6.963771223410720745e-01,-6.963771223410720745e-01,-6.963771223410720745e-01,-6.963771223410720745e-01,-6.963771223410720745e-01,-7.874609043524926077e-01,-7.874609043524926077e-01,-7.874609043524926077e-01,-7.874609043524926077e-01,-7.874609043524926077e-01,-7.874609043524926077e-01
-1.515255023425616798e-01,-5.882231179724096704e-01,-5.882231179724096704e-01,-5.882231179724096704e-01,-5.882231179724096704e-01,-7.797110085105093402e-01,-7.797110085105093402e-01,-7.797110085105093402e-01,-7.797110085105093402e-01,-7.874126760806942071e-01,-7.874126760806942071e-01
-1.701091736817570144e-01,-5.882231179724096704e-01,-5.882231179724096704e-01,-5.882231179724096704e-01,-5.882231179724096704e-01,-7.787980527422418975e-01,-7.787980527422418975e-01,-7.787980527422418975e-01,-7.787980527422418975e-01,-7.878250500410678425e-01,-7.878250500410678425e-01
1.957867671719585451e-02,-5.882231179724096704e-01,-5.882231179724096704e-01,-5.882231179724096704e-01,-5.882231179724096704e-01,-5.882231179724096704e-01,-5.882231179724096704e-01,-5.882231179724096704e-01,-5.882231179724096704e-01,-7.709846976778543803e-01,-7.832996671711310865e-01
-4.979496129122320397e-02,-5.882231179724096704e-01,-5.882231179724096704e-01,-5.882231179724096704e-01,-5.882231179724096704e-01,-5.882231179724096704e-01,-5.882231179724096704e-01,-5.882231179724096704e-01,-7.710992928144142500e-01,-7.832586528117003732e-01,-7.832586528117003732e-01
-9.985838610993796882e-02,-9.985838610993796882e-02,-9.985838610993796882e-02,-5.398801141990829944e-01,-5.398801141990829944e-01,-7.693222372082562099e-01,-7.693222372082562099e-01,-7.871939158376547452e-01,-7.871939158376547452e-01,-7.871939158376547452e-01,-7.871939158376547452e-01
-3.452328375228394530e-02,-5.882231179724096704e-01,-5.882231179724096704e-01,-5.882231179724096704e-01,-5.882231179724096704e-01,-7.875905192119314613e-01,-7.875905192119314613e-01,-7.875905192119314613e-01,-7.875905192119314613e-01,-7.875905192119314613e-01,-7.875905192119314613e-01
-3.579840069257756580e-02,-5.882231179724096704e-01,-5.882231179724096704e-01,-5.882231179724096704e-01,-5.882231179724096704e-01,-5.882231179724096704e-01,-5.882231179724096704e-01,-5.882231179724096704e-01,-7.710227118365063914e-01,-7.832860929556725305e-01,-7.832860929556725305e-01
