-1.397637586667491050e+00,-1.397637586667491050e+00,-1.406340119349033024e+00,-1.479411120507198696e+00,-1.569277538036705444e+00,-1.601307539782670375e+00,-1.601307539782670375e+00,-1.601307539782670375e+00,-1.601307539782670375e+00,-1.601307539782670375e+00,-1.601307539782670375e+00
-1.077572596663919136e+00,-1.495919791712371882e+00,-1.495919791712371882e+00,-1.495919791712371882e+00,-1.585154391597259682e+00,-1.594115862788099136e+00,-1.597649198681039273e+00,-1.597649198681039273e+00,-1.597649198681039273e+00,-1.597649198681039273e+00,-1.600974211490748367e+00
1.292827591886069882e-01,-7.202758584443857970e-01,-7.202758584443857970e-01,-7.203526292221567040e-01,-7.371876882978494194e-01,-7.970284350946403862e-01,-1.133761576086181222e+00,-1.133761576086181222e+00,-1.274504385885343538e+00,-1.274504385885343538e+00,-1.495315906760682267e+00
-1.031864778866293797e+00,-1.495919791712371882e+00,-1.495919791712371882e+00,-1.495919791712371882e+00,-1.498813422873181977e+00,-1.526162464221399340e+00,-1.600064900402985657e+00,-1.600064900402985657e+00,-1.600064900402985657e+00,-1.600064900402985657e+00,-1.600064900402985657e+00
-3.575664975580465921e-01,-1.235552123599493513e+00,-1.246795942102895793e+00,-1.246795942102895793e+00,-1.246795942102895793e+00,-1.250245353614721111e+00,-1.250245353614721111e+00,-1.250245353614721111e+00,-1.274845169107264198e+00,-1.274845169107264198e+00,-1.274845169107264198e+00
-1.380041700483981337e+00,-1.380041700483981337e+00,-1.557142071732082300e+00,-1.571384046080719799e+00,-1.571384046080719799e+00,-1.571384046080719799e+00,-1.571384046080719799e+00,-1.571384046080719799e+00,-1.601292881575893112e+00,-1.601292881575893112e+00,-1.601292881575893112e+00
1.685589456255822682e-01,1.685589456255822682e-01,1.678847870592274916e-01,1.608130385680786034e-01,1.608130385680786034e-01,1.608130385680786034e-01,1.608130385680786034e-01,-1.248653733942664878e+00,-1.248653733942664878e+00,-1.248653733942664878e+00,-1.274008309041572140e+00
-1.206802059169041819e+00,-1.211326671734630267e+00,-1.217091835067439121e+00,-1.263951685679251646e+00,-1.263951685679251646e+00,-1.269579945641984509e+00,-1.372971796572775460e+00,-1.523838974834233362e+00,-1.523838974834233362e+00,-1.601043060456261102e+00,-1.601043060456261102e+00
-1.511895733543829223e+00,-1.514207750311337364e+00,-1.557142071732082300e+00,-1.562483645662775977e+00,-1.598698447919822740e+00,-1.598698447919822740e+00,-1.598698447919822740e+00,-1.598698447919822740e+00,-1.598698447919822740e+00,-1.598698447919822740e+00,-1.598698447919822740e+00
-1.580544528121400560e+00,-1.592300353357233966e+00,-1.596516075472328211e+00,-1.596516075472328211e+00,-1.596516075472328211e+00,-1.599510483166688424e+00,-1.599510483166688424e+00,-1.599510483166688424e+00,-1.599510483166688424e+00,-1.599510483166688424e+00,-1.599510483166688424e+00
-6.710668644460966448e-01,-6.710668644460966448e-01,-6.710668644460966448e-01,-7.203526292221567040e-01,-7.995806158148792697e-01,-9.151636508070399856e-01,-9.151636508070399856e-01,-1.024053115682145076e+00,-1.591487513344539195e+00,-1.598370683155751593e+00,-1.598370683155751593e+00
-1.649261381712672225e-01,-3.132466599384060579e-01,-3.132466599384060579e-01,-3.255065694518366470e-01,-4.014616024314929810e-01,-6.755609868258920514e-01,-9.475493572674356102e-01,-1.599559851574323233e+00,-1.599559851574323233e+00,-1.599559851574323233e+00,-1.599559851574323233e+00
-1.300127739368518220e+00,-1.304179568366480524e+00,-1.304179568366480524e+00,-1.309117314983980762e+00,-1.349238370983034230e+00,-1.490618059772685911e+00,-1.601046182798414819e+00,-1.601046182798414819e+00,-1.601046182798414819e+00,-1.601046182798414819e+00,-1.601046182798414819e+00
-1.595691489291375831e+00,-1.595691489291375831e+00,-1.595691489291375831e+00,-1.599829711028984747e+00,-1.599829711028984747e+00,-1.599829711028984747e+00,-1.600542675856688746e+00,-1.600542675856688746e+00,-1.600542675856688746e+00,-1.600542675856688746e+00,-1.600542675856688746e+00
3.613089018761317384e-01,-1.495919791712371882e+00,-1.495919791712371882e+00,-1.498047438028302203e+00,-1.498047438028302203e+00,-1.596230673068435024e+00,-1.596230673068435024e+00,-1.596230673068435024e+00,-1.596230673068435024e+00,-1.601305065979429898e+00,-1.601305065979429898e+00
-1.190708748609409895e+00,-1.235552123599493513e+00,-1.246795942102895793e+00,-1.246795942102895793e+00,-1.252477527980782490e+00,-1.252477527980782490e+00,-1.274616784389436930e+00,-1.274616784389436930e+00,-1.274616784389436930e+00,-1.274616784389436930e+00,-1.586548292463640486e+00
-4.562716797698591620e-01,-4.911388317172384887e-01,-5.750243935017245178e-01,-5.808132609629996779e-01,-7.458869759364286089e-01,-1.148422466242818629e+00,-1.419608581227458366e+00,-1.546202077909251571e+00,-1.601096428563969276e+00,-1.601096428563969276e+00,-1.601096428563969276e+00
-1.266357922621451415e+00,-1.266357922621451415e+00,-1.266357922621451415e+00,-1.266357922621451415e+00,-1.266357922621451415e+00,-1.266969288884584266e+00,-1.274281403259202250e+00,-1.600265847461238344e+00,-1.600265847461238344e+00,-1.600265847461238344e+00,-1.600265847461238344e+00
-1.142175859007315886e+00,-1.240998585818195998e+00,-1.240998585818195998e+00,-1.245051253193995677e+00,-1.362421307088731659e+00,-1.477335503566293617e+00,-1.601133271488581755e+00,-1.601133271488581755e+00,-1.601133271488581755e+00,-1.601133271488581755e+00,-1.601133271488581755e+00
3.576047220159859208e-01,3.576047220159859208e-01,-3.658466487116549537e-01,-7.203526292221567040e-01,-1.016381142819788863e+00,-1.214504293300137761e+00,-1.395012722435783559e+00,-1.593718309407421430e+00,-1.593718309407421430e+00,-1.601255651637141675e+00,-1.601255651637141675e+00
-1.505689973963328931e+00,-1.505689973963328931e+00,-1.596481150119810621e+00,-1.596481150119810621e+00,-1.596481150119810621e+00,-1.596481150119810621e+00,-1.601099132363392741e+00,-1.601099132363392741e+00,-1.601099132363392741e+00,-1.601099132363392741e+00,-1.601099132363392741e+00
-1.598205172934946461e+00,-1.601152694684349953e+00,-1.601152694684349953e+00,-1.601152694684349953e+00,-1.601152694684349953e+00,-1.601240437938175276e+00,-1.601240437938175276e+00,-1.601240437938175276e+00,-1.601240437938175276e+00,-1.601240437938175276e+00,-1.601240437938175276e+00
-1.280982792382041602e+00,-1.285119615175620567e+00,-1.285119615175620567e+00,-1.290247845535866134e+00,-1.330517842753585533e+00,-1.478462871072867557e+00,-1.599854424025539679e+00,-1.599854424025539679e+00,-1.599854424025539679e+00,-1.599854424025539679e+00,-1.599854424025539679e+00
-5.559480057907384420e-01,-5.559480057907384420e-01,-6.746150244852593403e-01,-6.746150244852593403e-01,-9.333535271625454932e-01,-1.140860976074273836e+00,-1.140860976074273836e+00,-1.274845935492630034e+00,-1.274845935492630034e+00,-1.274845935492630034e+00,-1.595323507207650593e+00
-1.588514837557777781e+00,-1.588514837557777781e+00,-1.596516075472328211e+00,-1.597448348453842648e+00,-1.597448348453842648e+00,-1.601193922727395247e+00,-1.601193922727395247e+00,-1.601193922727395247e+00,-1.601193922727395247e+00,-1.601193922727395247e+00,-1.601193922727395247e+00
