2.179660658207224488e-01,2.041873536800211941e-01,1.819264729937082326e-01,1.642445719740251442e-01,-1.317348448492915332e-02,-1.317348448492915332e-02,-1.317348448492915332e-02,-1.317348448492915332e-02,-1.317348448492915332e-02,-3.508778581990062290e-02,-3.509311761049097034e-02
1.656143249478706251e-03,1.656143249478706251e-03,1.656143249478706251e-03,1.656143249478706251e-03,1.656143249478706251e-03,1.656143249478706251e-03,1.656143249478706251e-03,1.656143249478706251e-03,-3.901735744514517237e-03,-1.518976441055700129e-02,-2.787547102725925624e-02
-1.997576812961009141e-02,-1.997576812961009141e-02,-1.997576812961009141e-02,-1.997576812961009141e-02,-2.922750278634579993e-02,-2.922750278634579993e-02,-3.159960617247110221e-02,-3.281942300476136526e-02,-3.303889735033826297e-02,-3.305729117933489669e-02,-3.321343363946274024e-02
-3.138774239386004500e-02,-3.138774239386004500e-02,-3.138774239386004500e-02,-3.138774239386004500e-02,-3.138774239386004500e-02,-3.138774239386004500e-02,-3.138774239386004500e-02,-3.170853638601277280e-02,-3.170853638601277280e-02,-3.170853638601277280e-02,-3.173726722841525849e-02
1.330739548039909168e-02,1.330739548039909168e-02,1.330739548039909168e-02,1.330739548039909168e-02,-3.354474800666437662e-02,-3.354474800666437662e-02,-3.509349512143954131e-02,-3.516218992210726202e-02,-3.516218992210726202e-02,-3.516218992210726202e-02,-3.516218992210726202e-02
-3.551203792757506861e-02,-3.551203792757506861e-02,-3.551203792757506861e-02,-3.551203792757506861e-02,-3.551203792757506861e-02,-3.551203792757506861e-02,-3.551203792757506861e-02,-3.551203792757506861e-02,-3.551203792757506861e-02,-3.551203792757506861e-02,-3.551203792757506861e-02
2.480147143026190104e-02,-6.850754130277748356e-03,-3.548443821195238629e-02,-3.548443821195238629e-02,-3.548443821195238629e-02,-3.549385398708147787e-02,-3.549385398708147787e-02,-3.549385398708147787e-02,-3.549385398708147787e-02,-3.549385398708147787e-02,-3.549385398708147787e-02
2.048122075334029846e-01,2.048122075334029846e-01,2.048122075334029846e-01,2.048122075334029846e-01,1.631715873368551062e-01,1.256965797437833710e-01,8.634604549892760383e-02,3.428016067538076223e-02,3.428016067538076223e-02,6.950017974343472398e-03,-1.250407260039395653e-02
2.603246069025292098e+00,2.603246069025292098e+00,2.477436496712557723e+00,2.388310494552662089e+00,6.463571627548968246e-02,-3.541050995551546510e-02,-3.541050995551546510e-02,-3.541050995551546510e-02,-3.541050995551546510e-02,-3.541050995551546510e-02,-3.541050995551546510e-02
2.273487554137448630e+00,2.273487554137448630e+00,2.273487554137448630e+00,2.199883698108009433e+00,-1.686741747446662831e-02,-1.686741747446662831e-02,-3.407565898572292168e-02,-3.407565898572292168e-02,-3.407565898572292168e-02,-3.512690474416731851e-02,-3.512690474416731851e-02
-2.112195059074999798e-02,-2.112195059074999798e-02,-2.112195059074999798e-02,-2.112195059074999798e-02,-2.112195059074999798e-02,-2.112195059074999798e-02,-2.112195059074999798e-02,-2.112195059074999798e-02,-2.112195059074999798e-02,-2.112195059074999798e-02,-2.112195059074999798e-02
-3.213913682293085411e-02,-3.536571798210590145e-02,-3.536571798210590145e-02,-3.536571798210590145e-02,-3.536571798210590145e-02,-3.536571798210590145e-02,-3.536571798210590145e-02,-3.536571798210590145e-02,-3.536571798210590145e-02,-3.536571798210590145e-02,-3.542136690925309223e-02
2.906328767633971702e-02,1.120153589852273396e-02,1.120153589852273396e-02,-1.571048080796692142e-02,-1.571048080796692142e-02,-1.571048080796692142e-02,-2.849215737322858752e-02,-2.849215737322858752e-02,-3.309017228347031769e-02,-3.441854760320109397e-02,-3.485329559916439113e-02
1.629950809413216739e-01,1.629950809413216739e-01,1.629950809413216739e-01,8.409678520879246277e-02,8.409678520879246277e-02,-3.478463852102934434e-02,-3.478463852102934434e-02,-3.478463852102934434e-02,-3.478463852102934434e-02,-3.478463852102934434e-02,-3.496490666265297115e-02
-3.290685918386242886e-02,-3.290685918386242886e-02,-3.290685918386242886e-02,-3.290685918386242886e-02,-3.539480307087139455e-02,-3.552140665274764603e-02,-3.552140665274764603e-02,-3.552140665274764603e-02,-3.552140665274764603e-02,-3.552140665274764603e-02,-3.552140665274764603e-02
1.248711649596833707e-02,-1.834003629903119270e-02,-1.834003629903119270e-02,-1.834003629903119270e-02,-3.541962215989489376e-02,-3.550368727922024320e-02,-3.551667324861488423e-02,-3.553232837465356009e-02,-3.553232837465356009e-02,-3.553232837465356009e-02,-3.553232837465356009e-02
2.266252538358301538e-02,2.266252538358301538e-02,-2.621011375593005829e-02,-3.551857419313958486e-02,-3.551857419313958486e-02,-3.551857419313958486e-02,-3.551857419313958486e-02,-3.551857419313958486e-02,-3.551857419313958486e-02,-3.551857419313958486e-02,-3.551857419313958486e-02
1.397119277247740043e-01,1.795576462562297262e-02,1.795576462562297262e-02,-3.534816936241545055e-02,-3.534816936241545055e-02,-3.534816936241545055e-02,-3.534816936241545055e-02,-3.534816936241545055e-02,-3.534816936241545055e-02,-3.534816936241545055e-02,-3.534816936241545055e-02
1.789694169763304255e-01,1.577992256121517334e-01,1.577992256121517334e-01,1.222007530482271120e-01,1.222007530482271120e-01,3.044870680336329155e-02,-2.304279690810903929e-03,-1.926501569390161664e-02,-2.698866376826002805e-02,-3.116212332365187604e-02,-3.488469966459984556e-02
-3.527328506629433952e-02,-3.527328506629433952e-02,-3.527328506629433952e-02,-3.527328506629433952e-02,-3.527328506629433952e-02,-3.552923816786283245e-02,-3.553344686846492823e-02,-3.553344686846492823e-02,-3.553344686846492823e-02,-3.553344686846492823e-02,-3.553344686846492823e-02
1.652800181863596785e-01,8.067871005898710757e-02,8.067871005898710757e-02,-3.187642428587931370e-02,-3.187642428587931370e-02,-3.187642428587931370e-02,-3.187642428587931370e-02,-3.275370657806413177e-02,-3.275370657806413177e-02,-3.275370657806413177e-02,-3.275370657806413177e-02
2.250581500840803939e-01,1.118238606222277803e-01,1.118238606222277803e-01,1.118238606222277803e-01,5.276179703974623325e-02,2.727022609310401219e-02,8.339181919398036200e-03,-1.242673909802464137e-02,-2.283396070965638611e-02,-2.775819782578328038e-02,-2.775819782578328038e-02
-3.410116944967877400e-02,-3.553211097587550410e-02,-3.553211097587550410e-02,-3.553211097587550410e-02,-3.553211097587550410e-02,-3.553211097587550410e-02,-3.553211097587550410e-02,-3.553211097587550410e-02,-3.553211097587550410e-02,-3.553211097587550410e-02,-3.553211097587550410e-02
-2.003655468586390195e-02,-2.003655468586390195e-02,-2.003655468586390195e-02,-3.119827075822421622e-02,-3.119827075822421622e-02,-3.551149715951491120e-02,-3.551149715951491120e-02,-3.551149715951491120e-02,-3.551149715951491120e-02,-3.551149715951491120e-02,-3.551149715951491120e-02
2.088130728730454577e-01,9.616714338140559815e-02,9.616714338140559815e-02,9.616714338140559815e-02,3.275094357535118100e-02,1.379908844396287443e-02,-2.277892226963846700e-03,-1.999996481721529398e-02,-2.724841310938370259e-02,-2.724841310938370259e-02,-3.096260529716538326e-02
