-2.779197873733333379e-01,-2.779197873733333379e-01,-2.779197873733333379e-01,-1.486645985973170658e+00,-1.486645985973170658e+00,-1.486645985973170658e+00,-1.486645985973170658e+00,-1.486645985973170658e+00,-1.486645985973170658e+00,-1.486645985973170658e+00,-1.486645985973170658e+00
-1.484918594137581760e+00,-1.484918594137581760e+00,-1.484918594137581760e+00,-1.484918594137581760e+00,-1.484918594137581760e+00,-1.484918594137581760e+00,-1.484918594137581760e+00,-1.484918594137581760e+00,-1.484918594137581760e+00,-1.484918594137581760e+00,-1.484918594137581760e+00
-1.239311103442180206e+00,-1.239311103442180206e+00,-1.239311103442180206e+00,-1.480865451317053383e+00,-1.480865451317053383e+00,-1.480865451317053383e+00,-1.480865451317053383e+00,-1.480865451317053383e+00,-1.480865451317053383e+00,-1.480865451317053383e+00,-1.480865451317053383e+00
-1.148652604376763753e+00,-1.148652604376763753e+00,-1.148652604376763753e+00,-1.148652604376763753e+00,-1.148652604376763753e+00,-1.148652604376763753e+00,-1.148652604376763753e+00,-1.406906535676277326e+00,-1.406906535676277326e+00,-1.406906535676277326e+00,-1.406906535676277326e+00
-1.468017839605873620e+00,-1.468017839605873620e+00,-1.468017839605873620e+00,-1.468017839605873620e+00,-1.468017839605873620e+00,-1.468017839605873620e+00,-1.468017839605873620e+00,-1.468017839605873620e+00,-1.468017839605873620e+00,-1.468017839605873620e+00,-1.468017839605873620e+00
-1.106250811576581672e+00,-1.106250811576581672e+00,-1.478914331293387674e+00,-1.478914331293387674e+00,-1.478914331293387674e+00,-1.478914331293387674e+00,-1.478914331293387674e+00,-1.478914331293387674e+00,-1.478914331293387674e+00,-1.478914331293387674e+00,-1.478914331293387674e+00
9.058300823840457691e-03,-7.525813196095970659e-01,-7.525813196095970659e-01,-7.525813196095970659e-01,-7.525813196095970659e-01,-1.125640828807043636e+00,-1.125640828807043636e+00,-1.125640828807043636e+00,-1.125640828807043636e+00,-1.487942855965906919e+00,-1.487942855965906919e+00
-7.591887581151413045e-02,-7.525813196095970659e-01,-7.525813196095970659e-01,-7.525813196095970659e-01,-7.525813196095970659e-01,-1.049869033918915173e+00,-1.150104759514010144e+00,-1.306301647040968517e+00,-1.306301647040968517e+00,-1.483535576890553598e+00,-1.483535576890553598e+00
-3.913146475504647448e-01,-1.280892052554993166e+00,-1.280892052554993166e+00,-1.280892052554993166e+00,-1.280892052554993166e+00,-1.428783721013462849e+00,-1.488849984047169839e+00,-1.488849984047169839e+00,-1.488849984047169839e+00,-1.488849984047169839e+00,-1.488849984047169839e+00
-1.001271903341409919e+00,-1.487859692749978979e+00,-1.487859692749978979e+00,-1.487859692749978979e+00,-1.487859692749978979e+00,-1.487859692749978979e+00,-1.487859692749978979e+00,-1.487859692749978979e+00,-1.487859692749978979e+00,-1.487859692749978979e+00,-1.487859692749978979e+00
-1.212426587380636578e+00,-1.212426587380636578e+00,-1.212426587380636578e+00,-1.212426587380636578e+00,-1.460641654462418337e+00,-1.460641654462418337e+00,-1.460641654462418337e+00,-1.460641654462418337e+00,-1.460641654462418337e+00,-1.460641654462418337e+00,-1.460641654462418337e+00
-1.872048152911989227e-01,-1.872048152911989227e-01,-1.872048152911989227e-01,-1.872048152911989227e-01,-1.872048152911989227e-01,-9.928134349724064833e-01,-9.928134349724064833e-01,-9.928134349724064833e-01,-1.462888808907191196e+00,-1.462888808907191196e+00,-1.462888808907191196e+00
-1.318992615366756382e+00,-1.318992615366756382e+00,-1.483221088220432859e+00,-1.483221088220432859e+00,-1.483221088220432859e+00,-1.483221088220432859e+00,-1.483221088220432859e+00,-1.483221088220432859e+00,-1.483221088220432859e+00,-1.483221088220432859e+00,-1.487059808712786646e+00
-4.601725318554445443e-01,-4.601725318554445443e-01,-4.601725318554445443e-01,-4.601725318554445443e-01,-1.024304790620492511e+00,-1.024304790620492511e+00,-1.472925574843586327e+00,-1.472925574843586327e+00,-1.472925574843586327e+00,-1.476683564649971636e+00,-1.476683564649971636e+00
-8.274624838819485406e-01,-8.274624838819485406e-01,-8.274624838819485406e-01,-8.274624838819485406e-01,-8.274624838819485406e-01,-8.274624838819485406e-01,-1.442645415803988751e+00,-1.442645415803988751e+00,-1.460435697939669764e+00,-1.460435697939669764e+00,-1.460435697939669764e+00
-6.967688049990090893e-02,-6.967688049990090893e-02,-6.967688049990090893e-02,-6.967688049990090893e-02,-3.475990602913404115e-01,-1.071043550420151425e+00,-1.071043550420151425e+00,-1.146507390649488034e+00,-1.146507390649488034e+00,-1.403577872804992577e+00,-1.467672067866909735e+00
3.044273617765445167e-02,3.044273617765445167e-02,-5.641004682464603043e-02,-5.641004682464603043e-02,-1.387209373099502985e+00,-1.387209373099502985e+00,-1.457578238427726713e+00,-1.457578238427726713e+00,-1.457578238427726713e+00,-1.457578238427726713e+00,-1.484306529789351403e+00
-9.163045956181400387e-01,-9.163045956181400387e-01,-9.163045956181400387e-01,-9.163045956181400387e-01,-9.163045956181400387e-01,-9.163045956181400387e-01,-9.163045956181400387e-01,-9.163045956181400387e-01,-1.381453713890631319e+00,-1.407622385569915480e+00,-1.483059251009980040e+00
-5.961303050418472749e-01,-7.525813196095970659e-01,-7.525813196095970659e-01,-7.525813196095970659e-01,-1.473577821855664549e+00,-1.473577821855664549e+00,-1.473577821855664549e+00,-1.473577821855664549e+00,-1.473577821855664549e+00,-1.473577821855664549e+00,-1.473577821855664549e+00
-6.182182148346797579e-01,-6.182182148346797579e-01,-6.182182148346797579e-01,-6.182182148346797579e-01,-6.182182148346797579e-01,-1.183298280280105530e+00,-1.471436681598597529e+00,-1.471436681598597529e+00,-1.471436681598597529e+00,-1.471436681598597529e+00,-1.471436681598597529e+00
-3.606913313964982826e-01,-3.606913313964982826e-01,-3.606913313964982826e-01,-3.606913313964982826e-01,-1.023282460675152494e+00,-1.489068488167580195e+00,-1.489068488167580195e+00,-1.489068488167580195e+00,-1.489068488167580195e+00,-1.489068488167580195e+00,-1.489068488167580195e+00
-4.525448964308952382e-01,-7.525813196095970659e-01,-7.525813196095970659e-01,-7.525813196095970659e-01,-7.525813196095970659e-01,-7.525813196095970659e-01,-7.525813196095970659e-01,-7.525813196095970659e-01,-1.071943050214171356e+00,-1.428733491146097823e+00,-1.464066685126154344e+00
-6.533381530244435353e-01,-6.533381530244435353e-01,-6.533381530244435353e-01,-1.488110957112411592e+00,-1.488110957112411592e+00,-1.488110957112411592e+00,-1.488110957112411592e+00,-1.488110957112411592e+00,-1.488110957112411592e+00,-1.488110957112411592e+00,-1.488110957112411592e+00
-1.326852617789792133e+00,-1.326852617789792133e+00,-1.487247638551408180e+00,-1.487247638551408180e+00,-1.487247638551408180e+00,-1.487247638551408180e+00,-1.487247638551408180e+00,-1.487247638551408180e+00,-1.487247638551408180e+00,-1.487247638551408180e+00,-1.487247638551408180e+00
-4.396897220679472085e-01,-7.525813196095970659e-01,-7.525813196095970659e-01,-7.525813196095970659e-01,-7.525813196095970659e-01,-1.069675886835730116e+00,-1.069675886835730116e+00,-1.069675886835730116e+00,-1.447239258601198841e+00,-1.447239258601198841e+00,-1.447239258601198841e+00
