-1.062162797265288339e-01,-1.062162797265288339e-01,-7.828029494540605926e-01,-7.828029494540605926e-01,-7.828029494540605926e-01,-7.828029494540605926e-01,-7.828029494540605926e-01,-7.828029494540605926e-01,-7.828029494540605926e-01,-7.828029494540605926e-01,-7.828029494540605926e-01
-1.476690425209302160e-01,-7.828029494540605926e-01,-7.828029494540605926e-01,-7.828029494540605926e-01,-7.828029494540605926e-01,-7.828029494540605926e-01,-7.828029494540605926e-01,-7.828029494540605926e-01,-7.828029494540605926e-01,-7.828029494540605926e-01,-7.828029494540605926e-01
-8.138223729031851539e-02,-8.138223729031851539e-02,-6.596131871918159417e-01,-6.596131871918159417e-01,-6.596131871918159417e-01,-6.596131871918159417e-01,-6.596131871918159417e-01,-6.596131871918159417e-01,-6.596131871918159417e-01,-6.596131871918159417e-01,-6.596131871918159417e-01
-7.519083226584881707e-01,-7.519083226584881707e-01,-7.519083226584881707e-01,-7.519083226584881707e-01,-7.519083226584881707e-01,-7.519083226584881707e-01,-7.519083226584881707e-01,-7.519083226584881707e-01,-7.519083226584881707e-01,-7.519083226584881707e-01,-7.519083226584881707e-01
-6.233458260642246729e-02,-6.233458260642246729e-02,-6.233458260642246729e-02,-9.218645015802715004e-02,-2.201682792767249708e-01,-2.201682792767249708e-01,-2.201682792767249708e-01,-2.201682792767249708e-01,-2.201682792767249708e-01,-2.201682792767249708e-01,-2.201682792767249708e-01
-2.822233165947143560e-02,-2.822233165947143560e-02,-9.218645015802715004e-02,-2.201682792767249708e-01,-2.201682792767249708e-01,-2.201682792767249708e-01,-2.201682792767249708e-01,-2.201682792767249708e-01,-2.201682792767249708e-01,-2.201682792767249708e-01,-2.201682792767249708e-01
-1.784564101487582377e-01,-1.784564101487582377e-01,-2.201682792767249708e-01,-2.201682792767249708e-01,-2.201682792767249708e-01,-2.201682792767249708e-01,-2.201682792767249708e-01,-2.201682792767249708e-01,-2.201682792767249708e-01,-2.201682792767249708e-01,-2.201682792767249708e-01
-9.347507225118527330e-02,-2.201682792767249708e-01,-2.201682792767249708e-01,-2.201682792767249708e-01,-2.201682792767249708e-01,-2.201682792767249708e-01,-2.201682792767249708e-01,-2.201682792767249708e-01,-2.201682792767249708e-01,-2.201682792767249708e-01,-2.866057084739040417e-01
-1.034441144636266685e-01,-1.034441144636266685e-01,-1.034441144636266685e-01,-1.034441144636266685e-01,-1.034441144636266685e-01,-1.034441144636266685e-01,-1.034441144636266685e-01,-1.067346143451737284e-01,-1.067346143451737284e-01,-2.866057084739040417e-01,-2.866057084739040417e-01
-7.449681563635632831e-01,-7.449681563635632831e-01,-7.449681563635632831e-01,-7.449681563635632831e-01,-7.449681563635632831e-01,-7.449681563635632831e-01,-7.449681563635632831e-01,-7.449681563635632831e-01,-7.449681563635632831e-01,-7.449681563635632831e-01,-7.449681563635632831e-01
-2.849726213242409489e-01,-2.849726213242409489e-01,-2.849726213242409489e-01,-2.849726213242409489e-01,-2.849726213242409489e-01,-2.849726213242409489e-01,-2.849726213242409489e-01,-2.866057084739040417e-01,-2.866057084739040417e-01,-2.866057084739040417e-01,-2.866057084739040417e-01
2.956079938895418702e-02,2.956079938895418702e-02,2.956079938895418702e-02,2.006965387083286048e-02,-1.067346143451737284e-01,-1.067346143451737284e-01,-2.866057084739040417e-01,-2.866057084739040417e-01,-2.866057084739040417e-01,-2.866057084739040417e-01,-2.866057084739040417e-01
-1.012643776309772176e-01,-1.012643776309772176e-01,-1.012643776309772176e-01,-1.067346143451737284e-01,-1.067346143451737284e-01,-2.866057084739040417e-01,-2.866057084739040417e-01,-2.866057084739040417e-01,-2.866057084739040417e-01,-2.866057084739040417e-01,-2.866057084739040417e-01
-7.663630683996557058e-02,-7.663630683996557058e-02,-1.067346143451737284e-01,-1.067346143451737284e-01,-2.866057084739040417e-01,-2.866057084739040417e-01,-2.866057084739040417e-01,-2.866057084739040417e-01,-2.866057084739040417e-01,-2.866057084739040417e-01,-2.866057084739040417e-01
-3.579704098311638494e-01,-3.579704098311638494e-01,-3.579704098311638494e-01,-3.579704098311638494e-01,-3.579704098311638494e-01,-3.579704098311638494e-01,-3.579704098311638494e-01,-3.579704098311638494e-01,-3.579704098311638494e-01,-3.579704098311638494e-01,-3.579704098311638494e-01
-3.210960500568760950e-02,-3.210960500568760950e-02,-2.866057084739040417e-01,-2.866057084739040417e-01,-2.866057084739040417e-01,-2.866057084739040417e-01,-2.866057084739040417e-01,-2.866057084739040417e-01,-2.866057084739040417e-01,-2.866057084739040417e-01,-2.866057084739040417e-01
6.301137605881632076e-02,-2.866057084739040417e-01,-2.866057084739040417e-01,-2.866057084739040417e-01,-2.866057084739040417e-01,-2.866057084739040417e-01,-2.866057084739040417e-01,-2.866057084739040417e-01,-2.866057084739040417e-01,-2.866057084739040417e-01,-3.305569546285708760e-01
-6.963771223410720745e-01,-6.963771223410720745e-01,-6.963771223410720745e-01,-6.963771223410720745e-01,-6.963771223410720745e-01,-6.963771223410720745e-01,-6.963771223410720745e-01,-6.963771223410720745e-01,-6.963771223410720745e-01,-6.963771223410720745e-01,-6.963771223410720745e-01
-1.515255023425616798e-01,-1.515255023425616798e-01,-1.515255023425616798e-01,-1.515255023425616798e-01,-1.515255023425616798e-01,-1.515255023425616798e-01,-1.515255023425616798e-01,-1.515255023425616798e-01,-3.305569546285708760e-01,-3.305569546285708760e-01,-3.305569546285708760e-01
-1.701091736817570144e-01,-1.701091736817570144e-01,-1.701091736817570144e-01,-1.701091736817570144e-01,-1.701091736817570144e-01,-1.701091736817570144e-01,-1.701091736817570144e-01,-3.305569546285708760e-01,-3.305569546285708760e-01,-3.305569546285708760e-01,-4.473476050149960970e-01
1.957867671719585451e-02,1.957867671719585451e-02,-3.517184828539605956e-02,-3.517184828539605956e-02,-3.517184828539605956e-02,-1.500571291037004484e-01,-3.305569546285708760e-01,-3.305569546285708760e-01,-3.305569546285708760e-01,-4.473476050149960970e-01,-4.473476050149960970e-01
-4.979496129122320397e-02,-4.979496129122320397e-02,-4.979496129122320397e-02,-4.979496129122320397e-02,-1.500571291037004484e-01,-3.305569546285708760e-01,-3.305569546285708760e-01,-3.305569546285708760e-01,-4.473476050149960970e-01,-4.473476050149960970e-01,-4.473476050149960970e-01
-9.985838610993796882e-02,-9.985838610993796882e-02,-9.985838610993796882e-02,-1.500571291037004484e-01,-3.305569546285708760e-01,-3.305569546285708760e-01,-3.305569546285708760e-01,-4.473476050149960970e-01,-4.473476050149960970e-01,-4.473476050149960970e-01,-4.473476050149960970e-01
-3.452328375228394530e-02,-3.452328375228394530e-02,-1.500571291037004484e-01,-3.305569546285708760e-01,-3.305569546285708760e-01,-3.305569546285708760e-01,-4.473476050149960970e-01,-4.473476050149960970e-01,-4.473476050149960970e-01,-4.473476050149960970e-01,-4.473476050149960970e-01
-3.579840069257756580e-02,-1.500571291037004484e-01,-3.305569546285708760e-01,-3.305569546285708760e-01,-3.305569546285708760e-01,-4.473476050149960970e-01,-4.473476050149960970e-01,-4.473476050149960970e-01,-4.473476050149960970e-01,-4.473476050149960970e-01,-4.473476050149960970e-01
