-1.062162797265288339e-01,-1.062162797265288339e-01,-1.062162797265288339e-01,-1.062162797265288339e-01,-1.062162797265288339e-01,-1.067313182551438144e-01,-1.067313182551438144e-01,-1.067313182551438144e-01,-6.930170710584372396e-01,-6.930170710584372396e-01,-6.930170710584372396e-01
-1.476690425209302160e-01,-1.476690425209302160e-01,-1.630298693265103682e-01,-1.996577462033226336e-01,-2.749545322402025538e-01,-2.901206617267141352e-01,-2.901206617267141352e-01,-2.901206617267141352e-01,-4.820342280816793390e-01,-4.820342280816793390e-01,-7.042429292006822106e-01
-8.138223729031851539e-02,-1.241537748784636713e-01,-2.775524075487357800e-01,-2.835067385613826429e-01,-2.892573141247715696e-01,-2.892573141247715696e-01,-2.892573141247715696e-01,-2.892573141247715696e-01,-2.892573141247715696e-01,-2.892573141247715696e-01,-2.892573141247715696e-01
-7.519083226584881707e-01,-7.519083226584881707e-01,-7.519083226584881707e-01,-7.519083226584881707e-01,-7.828492649029633599e-01,-7.828492649029633599e-01,-7.828492649029633599e-01,-7.828492649029633599e-01,-7.828492649029633599e-01,-7.828492649029633599e-01,-7.828492649029633599e-01
-6.233458260642246729e-02,-6.233458260642246729e-02,-1.316642082055723417e-01,-1.340347548039712289e-01,-2.050433880027017208e-01,-2.050433880027017208e-01,-2.884400562732618023e-01,-2.884400562732618023e-01,-2.884400562732618023e-01,-2.884400562732618023e-01,-2.884400562732618023e-01
-2.822233165947143560e-02,-2.822233165947143560e-02,-3.013668707205849340e-02,-3.161659254271467767e-02,-3.848150286509634255e-02,-3.869091082946521376e-02,-3.869091082946521376e-02,-3.869091082946521376e-02,-3.869091082946521376e-02,-3.898108081975715927e-02,-2.473084723679595809e-01
-1.784564101487582377e-01,-1.784564101487582377e-01,-1.784564101487582377e-01,-1.784564101487582377e-01,-2.126943684090093212e-01,-2.830754645389221835e-01,-2.876688294166429016e-01,-2.876688294166429016e-01,-2.876688294166429016e-01,-2.876688294166429016e-01,-2.876688294166429016e-01
-9.347507225118527330e-02,-9.390383922300975239e-02,-9.442292322816583927e-02,-9.904228772279791149e-02,-1.064989204945024776e-01,-1.066654945663852716e-01,-1.066654945663852716e-01,-1.066654945663852716e-01,-1.066654945663852716e-01,-1.066654945663852716e-01,-2.473084723679595809e-01
-1.034441144636266685e-01,-1.034441144636266685e-01,-1.034441144636266685e-01,-1.052277952609302347e-01,-1.052277952609302347e-01,-1.052277952609302347e-01,-1.052277952609302347e-01,-1.052277952609302347e-01,-1.527540769505770502e-01,-2.639463535287376317e-01,-2.882572543675122612e-01
-7.449681563635632831e-01,-7.449681563635632831e-01,-7.449681563635632831e-01,-7.449681563635632831e-01,-7.874671519874690828e-01,-7.874671519874690828e-01,-7.874671519874690828e-01,-7.874671519874690828e-01,-7.874671519874690828e-01,-7.874671519874690828e-01,-7.882948007913019861e-01
-2.849726213242409489e-01,-2.849726213242409489e-01,-2.849726213242409489e-01,-2.849726213242409489e-01,-2.896317949280807214e-01,-2.896317949280807214e-01,-7.650456813788535371e-01,-7.650456813788535371e-01,-7.863256498657351656e-01,-7.863256498657351656e-01,-7.863256498657351656e-01
2.956079938895418702e-02,-1.048085734502015587e-01,-1.048085734502015587e-01,-1.048085734502015587e-01,-1.048085734502015587e-01,-1.048085734502015587e-01,-1.048085734502015587e-01,-2.415800080311388542e-01,-2.415800080311388542e-01,-2.883181382327728026e-01,-2.901411106856384148e-01
-1.012643776309772176e-01,-1.015558890498816647e-01,-1.015558890498816647e-01,-1.018794467178866930e-01,-1.045431816284803500e-01,-1.047964548101824600e-01,-1.047964548101824600e-01,-1.047964548101824600e-01,-1.047964548101824600e-01,-1.063050596765192368e-01,-2.473084723679595809e-01
-7.663630683996557058e-02,-7.733909633212955603e-02,-8.774288213697244154e-02,-8.908026679381052249e-02,-1.064241859474209517e-01,-1.064241859474209517e-01,-1.064241859474209517e-01,-7.333052685426937334e-01,-7.333052685426937334e-01,-7.333052685426937334e-01,-7.862906937215726755e-01
-3.579704098311638494e-01,-3.646356102183332393e-01,-3.646356102183332393e-01,-3.646356102183332393e-01,-6.254892720636335834e-01,-7.208176561808889993e-01,-7.752747328363969181e-01,-7.885757134388744483e-01,-7.885757134388744483e-01,-7.885757134388744483e-01,-7.885757134388744483e-01
-3.210960500568760950e-02,-2.776321188881229474e-01,-2.822569588311552580e-01,-2.822569588311552580e-01,-2.822569588311552580e-01,-2.822569588311552580e-01,-2.822569588311552580e-01,-2.892495143023120496e-01,-2.892495143023120496e-01,-2.892495143023120496e-01,-4.368943851874478868e-01
6.301137605881632076e-02,5.940967889206458241e-02,1.794415083154167923e-17,1.794415083154167923e-17,1.794415083154167923e-17,-1.521060484062587426e-01,-1.521060484062587426e-01,-1.521060484062587426e-01,-1.521060484062587426e-01,-1.924302950698236203e-01,-5.890614591830634073e-01
-6.963771223410720745e-01,-6.997518305586811760e-01,-7.041169900255511704e-01,-7.385092329711784309e-01,-7.886765308585425016e-01,-7.886765308585425016e-01,-7.886765308585425016e-01,-7.886765308585425016e-01,-7.886765308585425016e-01,-7.886765308585425016e-01,-7.886765308585425016e-01
-1.515255023425616798e-01,-1.515255023425616798e-01,-1.515255023425616798e-01,-1.926104970931154514e-01,-2.993674077849625692e-01,-4.010293774853500581e-01,-4.836598932154214103e-01,-7.027037335599563006e-01,-7.884892631642517191e-01,-7.884892631642517191e-01,-7.884892631642517191e-01
-1.701091736817570144e-01,-2.310823761162933976e-01,-2.762487869089366721e-01,-3.131786166987374775e-01,-5.908575108157390066e-01,-7.251452838969411063e-01,-7.749597069757920842e-01,-7.884157746789876020e-01,-7.884157746789876020e-01,-7.884157746789876020e-01,-7.884157746789876020e-01
1.957867671719585451e-02,-1.048085734502015587e-01,-1.048085734502015587e-01,-1.049633051009647849e-01,-1.051516475503435355e-01,-1.064631078371111594e-01,-1.064631078371111594e-01,-1.064631078371111594e-01,-6.930170710584372396e-01,-6.984855300319419147e-01,-6.984855300319419147e-01
-4.979496129122320397e-02,-6.472412283406281386e-02,-6.472412283406281386e-02,-6.989552920866815011e-02,-1.057075476426047739e-01,-1.057075476426047739e-01,-1.057075476426047739e-01,-1.057075476426047739e-01,-1.057075476426047739e-01,-1.067294889125217083e-01,-1.067294889125217083e-01
-9.985838610993796882e-02,-1.001647759155448181e-01,-1.001647759155448181e-01,-1.005332087148313180e-01,-1.034505428583260556e-01,-1.045552636507087046e-01,-6.492376663849516172e-01,-7.308085412307619988e-01,-7.308085412307619988e-01,-7.871730301071895308e-01,-7.871730301071895308e-01
-3.452328375228394530e-02,-3.662844147312024901e-02,-3.662844147312024901e-02,-3.662844147312024901e-02,-1.057075476426047739e-01,-1.057075476426047739e-01,-1.057075476426047739e-01,-1.057075476426047739e-01,-1.057075476426047739e-01,-1.067343295692576716e-01,-7.045446592003259401e-01
-3.579840069257756580e-02,-1.048085734502015587e-01,-1.048085734502015587e-01,-1.048085734502015587e-01,-1.050083821310533183e-01,-1.063598904437437487e-01,-1.063598904437437487e-01,-1.063598904437437487e-01,-1.063598904437437487e-01,-1.067047918487623870e-01,-6.121104536005204100e-01
