-1.062162797265288339e-01,-1.062162797265288339e-01,-1.062162797265288339e-01,-1.062162797265288339e-01,-5.150400315196147494e-01,-7.746548231702993226e-01,-7.746548231702993226e-01,-7.746548231702993226e-01,-7.746548231702993226e-01,-7.746548231702993226e-01,-7.886642809506251295e-01
-1.476690425209302160e-01,-1.476690425209302160e-01,-2.890146023118261298e-01,-2.890146023118261298e-01,-2.890146023118261298e-01,-2.890146023118261298e-01,-2.890146023118261298e-01,-2.890146023118261298e-01,-2.890146023118261298e-01,-2.890146023118261298e-01,-2.890146023118261298e-01
-8.138223729031851539e-02,-1.793537223737463326e-01,-2.218991855351625797e-01,-2.472513885487751528e-01,-2.893902477501071879e-01,-2.893902477501071879e-01,-2.893902477501071879e-01,-2.893902477501071879e-01,-2.893902477501071879e-01,-2.893902477501071879e-01,-2.893902477501071879e-01
-7.519083226584881707e-01,-7.519083226584881707e-01,-7.519083226584881707e-01,-7.519083226584881707e-01,-7.818964501177479987e-01,-7.872806392662513586e-01,-7.872806392662513586e-01,-7.886537159239779271e-01,-7.886537159239779271e-01,-7.886537159239779271e-01,-7.886537159239779271e-01
-6.233458260642246729e-02,-1.489099957910719196e-01,-2.164318236273885532e-01,-2.596087190732165872e-01,-2.596087190732165872e-01,-2.596087190732165872e-01,-2.596087190732165872e-01,-2.596087190732165872e-01,-2.900206483784051326e-01,-2.900206483784051326e-01,-2.900206483784051326e-01
-2.822233165947143560e-02,-2.822233165947143560e-02,-7.195207937055622116e-01,-7.195207937055622116e-01,-7.849315915824607304e-01,-7.849315915824607304e-01,-7.849315915824607304e-01,-7.886505928301734691e-01,-7.886505928301734691e-01,-7.886505928301734691e-01,-7.886505928301734691e-01
-1.784564101487582377e-01,-2.449345865417926482e-01,-2.841339896444950441e-01,-2.869633593040688546e-01,-2.869633593040688546e-01,-2.869633593040688546e-01,-2.869633593040688546e-01,-2.869633593040688546e-01,-2.869633593040688546e-01,-2.869633593040688546e-01,-2.901400870236522378e-01
-9.347507225118527330e-02,-9.347507225118527330e-02,-9.347507225118527330e-02,-9.347507225118527330e-02,-9.347507225118527330e-02,-9.347507225118527330e-02,-1.067354592592310164e-01,-1.067354592592310164e-01,-7.753764971913668091e-01,-7.753764971913668091e-01,-7.753764971913668091e-01
-1.034441144636266685e-01,-1.034441144636266685e-01,-1.034441144636266685e-01,-1.064985910689397464e-01,-1.064985910689397464e-01,-1.064985910689397464e-01,-1.064985910689397464e-01,-1.064985910689397464e-01,-1.064985910689397464e-01,-1.242805963057590224e-01,-2.584530688191079562e-01
-7.449681563635632831e-01,-7.449681563635632831e-01,-7.449681563635632831e-01,-7.833481754149660414e-01,-7.880630699674647799e-01,-7.880630699674647799e-01,-7.880630699674647799e-01,-7.886841633873741264e-01,-7.886841633873741264e-01,-7.886841633873741264e-01,-7.886841633873741264e-01
-2.849726213242409489e-01,-2.849726213242409489e-01,-2.849726213242409489e-01,-2.893484822325868011e-01,-2.893484822325868011e-01,-2.893484822325868011e-01,-2.893484822325868011e-01,-2.893484822325868011e-01,-2.893484822325868011e-01,-7.163942158449202458e-01,-7.163942158449202458e-01
2.956079938895418702e-02,-1.350688263426331331e-02,-1.350688263426331331e-02,-2.174384202583117681e-02,-3.903423620436289460e-02,-1.028886944851852836e-01,-1.028886944851852836e-01,-1.028886944851852836e-01,-1.067297803421479729e-01,-2.009135763945435749e-01,-2.009135763945435749e-01
-1.012643776309772176e-01,-1.012643776309772176e-01,-1.012643776309772176e-01,-1.012643776309772176e-01,-1.012643776309772176e-01,-1.012643776309772176e-01,-1.012643776309772176e-01,-1.350419992296629512e-01,-1.350419992296629512e-01,-2.817219444632236836e-01,-2.899500719683121286e-01
-7.663630683996557058e-02,-7.663630683996557058e-02,-8.933321725414407333e-02,-9.699124803013808860e-02,-5.150400315196147494e-01,-5.150400315196147494e-01,-6.903693813669233847e-01,-6.911382135867228937e-01,-6.911382135867228937e-01,-6.911382135867228937e-01,-7.886837718402465169e-01
-3.579704098311638494e-01,-3.579704098311638494e-01,-3.579704098311638494e-01,-3.579704098311638494e-01,-4.510209282109018392e-01,-5.462450963280897076e-01,-6.176268061470686632e-01,-7.806198989024610846e-01,-7.806198989024610846e-01,-7.806198989024610846e-01,-7.886640522961982924e-01
-3.210960500568760950e-02,-3.210960500568760950e-02,-1.154869657365503316e-01,-1.611580019381588791e-01,-2.802462856171736849e-01,-2.802462856171736849e-01,-2.802462856171736849e-01,-2.802462856171736849e-01,-2.899796691051366171e-01,-2.899796691051366171e-01,-2.899796691051366171e-01
6.301137605881632076e-02,1.794415083154167923e-17,-1.476690425209302160e-01,-1.476690425209302160e-01,-2.790305072911802853e-01,-2.878779704042132015e-01,-2.878779704042132015e-01,-2.878779704042132015e-01,-2.878779704042132015e-01,-2.901348170761163248e-01,-2.901348170761163248e-01
-6.963771223410720745e-01,-7.874598587106917957e-01,-7.874598587106917957e-01,-7.874598587106917957e-01,-7.886532220945075000e-01,-7.886532220945075000e-01,-7.886532220945075000e-01,-7.886796296982296894e-01,-7.886796296982296894e-01,-7.886796296982296894e-01,-7.886796296982296894e-01
-1.515255023425616798e-01,-4.081327386645681732e-01,-5.242157663557863723e-01,-6.247781263641455363e-01,-7.762556346496728432e-01,-7.762556346496728432e-01,-7.762556346496728432e-01,-7.886384951288837319e-01,-7.886848564323347688e-01,-7.886848564323347688e-01,-7.886848564323347688e-01
-1.701091736817570144e-01,-1.701091736817570144e-01,-1.701091736817570144e-01,-1.701091736817570144e-01,-1.701091736817570144e-01,-2.405616240869395683e-01,-2.973189251790098186e-01,-7.538595445201744516e-01,-7.843569765882700828e-01,-7.843569765882700828e-01,-7.877573105080747373e-01
1.957867671719585451e-02,1.957867671719585451e-02,-4.206347157164939260e-02,-8.041062011280415700e-02,-1.067105943813215496e-01,-1.067105943813215496e-01,-1.067105943813215496e-01,-1.067105943813215496e-01,-1.067105943813215496e-01,-5.480684275102972736e-01,-5.480684275102972736e-01
-4.979496129122320397e-02,-4.979496129122320397e-02,-8.217229018377321392e-02,-9.182853745467420281e-02,-1.053975609660036256e-01,-1.053975609660036256e-01,-1.053975609660036256e-01,-1.053975609660036256e-01,-1.053975609660036256e-01,-1.053975609660036256e-01,-2.019372259158948302e-01
-9.985838610993796882e-02,-1.006040013131850319e-01,-1.017069007108161310e-01,-1.024800664409357409e-01,-6.054241079498967615e-01,-7.289422979428161753e-01,-7.770806821524695041e-01,-7.885821488797496448e-01,-7.885821488797496448e-01,-7.885821488797496448e-01,-7.885821488797496448e-01
-3.452328375228394530e-02,-3.452328375228394530e-02,-3.452328375228394530e-02,-3.452328375228394530e-02,-4.227754893837151751e-01,-4.227754893837151751e-01,-7.675373233575237819e-01,-7.878161343038130315e-01,-7.878161343038130315e-01,-7.878161343038130315e-01,-7.883468910514954686e-01
-3.579840069257756580e-02,-1.048085734502015587e-01,-1.048085734502015587e-01,-1.048085734502015587e-01,-1.048085734502015587e-01,-1.048085734502015587e-01,-1.048085734502015587e-01,-7.169157858134639350e-01,-7.169157858134639350e-01,-7.660059072628571109e-01,-7.870642821437661141e-01
