2.000000000000000000e+01,2.000000000000000000e+01,1.999999999717155674e+01,8.162383382751480232e-01,8.162383382751480232e-01,5.711711810420325719e-01,1.075072374241087259e+00,1.075072374241087259e+00,1.075072374241087259e+00,8.835831551308369614e-01
2.000000000000000000e+01,1.999999999906411929e+01,1.999999999906411929e+01,1.437544437376824469e+00,1.437544437376824469e+00,1.437544437376824469e+00,1.179225663739430052e+00,1.179225663739430052e+00,1.179225663739430052e+00,2.617372075360739347e-01
1.999999087353982219e+01,1.999999999972984810e+01,1.999999999972984810e+01,2.000000000000000000e+01,1.999984179322607858e+01,7.692026090076737876e-01,4.616887726150262772e-01,4.616887726150262772e-01,4.616887726150262772e-01,3.975411467506229646e-01
1.999999999999967315e+01,2.000000000000000000e+01,2.000000000000000000e+01,8.535783427431191228e+00,3.978486584936743675e+00,2.606654512074903174e+00,3.024914401432623468e+00,3.024914401432623468e+00,3.024914401432623468e+00,7.651683500871273580e-01
1.999999999999997868e+01,2.000000000000000000e+01,2.000000000000000000e+01,1.999999936634629094e+01,1.999999936634629094e+01,5.486665951231266547e+00,4.302067506417804665e+00,4.302067506417804665e+00,4.302067506417804665e+00,3.650344120768413081e+00
1.999999999999638689e+01,1.999999999999638689e+01,1.999990146146445724e+01,1.999998564541242985e+01,1.999998564541242985e+01,1.999998564541242985e+01,2.694882892969923116e-01,2.694882892969923116e-01,2.694882892969923116e-01,1.265602746232761533e-01
2.000000000000000000e+01,2.000000000000000000e+01,5.135361538118794478e+00,8.769871839567345617e+00,8.769871839567345617e+00,8.769871839567345617e+00,1.767523250549459801e+00,1.999999999062449163e+01,1.999999999062449163e+01,2.256678865886282415e-01
2.000000000000000000e+01,2.000000000000000000e+01,3.713513165807529326e+00,2.000000000000000000e+01,2.000000000000000000e+01,3.090425381440905284e+00,1.916102237736582170e+00,1.537084456951674172e+00,1.537084456951674172e+00,1.012113860128276199e+00
1.999999984839196188e+01,1.999999935680348528e+01,1.999999999999495870e+01,3.985131611284996822e+00,3.985131611284996822e+00,3.985131611284996822e+00,1.249391127604032148e+00,1.249391127604032148e+00,1.249391127604032148e+00,6.127847223409789157e-01
1.999999999999999289e+01,1.999999933402083840e+01,2.000000000000000000e+01,1.999999999999962341e+01,1.999999999999962341e+01,7.647653908282333823e+00,3.869896532115564725e+00,3.869896532115564725e+00,3.869896532115564725e+00,2.638478032354658165e+00
2.000000000000000000e+01,2.000000000000000000e+01,2.000000000000000000e+01,2.000000000000000000e+01,2.000000000000000000e+01,1.999999996641591338e+01,1.013636240603231986e+00,1.931848033473041737e-01,1.931848033473041737e-01,1.294322847460844805e-01
2.000000000000000000e+01,1.999999993788993891e+01,1.999999993788993891e+01,1.552518498926851676e+00,5.680313947139595809e-01,5.680313947139595809e-01,2.739647776768557863e-01,2.739647776768557863e-01,2.739647776768557863e-01,1.608418536940329768e-01
2.000000000000000000e+01,2.000000000000000000e+01,2.000000000000000000e+01,3.457887773668396392e+00,1.471818490825806958e+00,9.457763885493541967e-01,1.617106609389376226e+00,1.617106609389376226e+00,1.617106609389376226e+00,6.777335915003029898e-01
2.000000000000000000e+01,2.000000000000000000e+01,2.000000000000000000e+01,1.999999999999998579e+01,1.999999999999998579e+01,1.999999999999998579e+01,2.000000000000000000e+01,2.000000000000000000e+01,2.000000000000000000e+01,4.275256769953741376e+00
2.000000000000000000e+01,2.000000000000000000e+01,2.000000000000000000e+01,1.282220515257927129e+00,1.282220515257927129e+00,1.282220515257927129e+00,1.233757817957626401e-01,1.233757817957626401e-01,1.233757817957626401e-01,2.125500671303597044e-01
2.000000000000000000e+01,1.999999523344681762e+01,1.999999699970164002e+01,1.999987855700301864e+01,3.021315477884959133e+00,3.021315477884959133e+00,2.614930496670490712e+00,2.614930496670490712e+00,2.614930496670490712e+00,9.459731152406820609e-01
1.999999999943173989e+01,2.000000000000000000e+01,2.000000000000000000e+01,1.148046613573037167e+00,3.955586342322174320e-01,3.955586342322174320e-01,4.324916782800299897e-01,4.324916782800299897e-01,4.324916782800299897e-01,1.666063319294776301e-01
1.999998025347266761e+01,1.999998025347266761e+01,1.999998025347266761e+01,1.999991966850851810e+01,1.999991966850851810e+01,3.855715671952678392e+00,5.214801482376664410e+00,1.999999987097056220e+01,1.999999987097056220e+01,1.097806765418709585e+00
1.999999999999998579e+01,2.000000000000000000e+01,2.000000000000000000e+01,1.440926344947828230e+00,6.442448676265164487e-01,6.442448676265164487e-01,4.177892162909604967e-01,4.177892162909604967e-01,4.177892162909604967e-01,2.869117469727672232e-01
2.000000000000000000e+01,2.000000000000000000e+01,1.999999399572679337e+01,2.531778398467104604e-02,2.531778398467104604e-02,2.531778398467104604e-02,1.038550252282132158e-01,1.038550252282132158e-01,1.038550252282132158e-01,1.041299049778552505e-01
2.000000000000000000e+01,2.000000000000000000e+01,1.999999866357945422e+01,4.549858960327006763e+00,4.549858960327006763e+00,4.549858960327006763e+00,1.631656951927164201e+00,1.631656951927164201e+00,1.631656951927164201e+00,4.550111423823371970e-01
2.000000000000000000e+01,1.999999999976203213e+01,1.999999999976203213e+01,2.000000000000000000e+01,2.000000000000000000e+01,9.350189544756085880e+00,5.129109261160203381e+00,5.129109261160203381e+00,5.129109261160203381e+00,3.667298211841322875e+00
2.000000000000000000e+01,1.999999704647616383e+01,1.999999704647616383e+01,3.189750963352621760e+00,1.422993037034317121e+00,7.695827691166318152e-01,1.094729908105498417e+00,1.094729908105498417e+00,1.094729908105498417e+00,6.989765995297088086e-01
2.000000000000000000e+01,2.000000000000000000e+01,1.999999933274993680e+01,5.436285387378227973e-01,5.436285387378227973e-01,5.482810530890875889e-01,1.491674188250556587e-01,1.491674188250556587e-01,1.491674188250556587e-01,2.344918843361324945e-01
2.000000000000000000e+01,2.000000000000000000e+01,1.999999999999584688e+01,2.000000000000000000e+01,2.000000000000000000e+01,1.025785760073636510e+01,5.690144644667380014e+00,5.690144644667380014e+00,5.690144644667380014e+00,1.641610585850741488e+00
