6.067948725192068293e-02,6.067948725192068293e-02,-3.796608104657026028e-02,-7.344766122826219823e-02,-7.344766122826219823e-02,-7.344766122826219823e-02,-8.876986990761898122e-02,-8.876986990761898122e-02,-8.876986990761898122e-02,-3.627303382633827178e-02
-2.948287529949187788e-03,-2.948287529949187788e-03,-2.948287529949187788e-03,-1.431047076464506303e-02,-3.387092720290951070e-02,-6.882357554844988068e-02,-3.682720292411656438e-02,-3.682720292411656438e-02,-3.682720292411656438e-02,-1.603621182182284333e-01
-2.124544567146973567e-02,-2.124544567146973567e-02,-2.124544567146973567e-02,-2.240336765637166438e-01,-2.240336765637166438e-01,-2.240336765637166438e-01,-5.003921052515442752e-02,-5.003921052515442752e-02,-5.003921052515442752e-02,-2.300055495514616299e-01
-3.144771067534877368e-02,-3.144771067534877368e-02,-4.008664045270335374e-02,-5.208953120008552595e-02,-5.208953120008552595e-02,-5.208953120008552595e-02,-3.843614268174760235e-02,-3.843614268174760235e-02,-3.843614268174760235e-02,-1.493862219691762250e-01
-3.865461811449772550e-03,-3.865461811449772550e-03,-6.248844583637003236e-02,-3.205207886734316031e-02,-5.263766979875827284e-02,-5.263766979875827284e-02,-3.879897052086920817e-01,-3.879897052086920817e-01,-3.879897052086920817e-01,-1.552547512659211704e-01
-3.551205304361609166e-02,-3.551205304361609166e-02,-3.551205304361609166e-02,-3.551207853185291141e-02,-3.551207853185291141e-02,-3.551207853185291141e-02,-3.551210478364674045e-02,-3.578273544827217240e-02,-3.578273544827217240e-02,-3.580941507742593788e-02
-1.574376776324673544e-03,-2.352720410108500443e-02,-2.352720410108500443e-02,-4.056022007940297824e-02,-4.056022007940297824e-02,-4.056022007940297824e-02,-7.819376351011497750e-01,-7.819376351011497750e-01,-7.819376351011497750e-01,-8.990584458843439708e-02
-1.526725954581881206e-02,-1.526725954581881206e-02,-1.526725954581881206e-02,-4.765156058117868410e-02,-4.765156058117868410e-02,-4.765156058117868410e-02,-2.180703198365116779e-01,-2.180703198365116779e-01,-2.180703198365116779e-01,-2.235056049504621778e-01
1.320156365000459964e-01,1.320156365000459964e-01,1.320156365000459964e-01,3.547685395947142162e-01,-5.796681381576549441e-01,-5.796681381576549441e-01,-6.566466901672662893e-02,-6.566466901672662893e-02,-6.566466901672662893e-02,-1.987126352089430559e-01
7.488246319664737527e-02,7.488246319664737527e-02,7.488246319664737527e-02,2.885341173582784968e-01,-2.122285313407302976e+00,-2.122285313407302976e+00,-8.539114626576868594e-02,-8.539114626576868594e-02,-8.539114626576868594e-02,-1.547573354701156090e-01
-2.228361869710938220e-02,-2.228361869710938220e-02,-4.507495470831472673e-02,-3.294986915863557658e-02,-3.294986915863557658e-02,-3.294986915863557658e-02,-1.218638680800311069e-01,-1.218638680800311069e-01,-1.218638680800311069e-01,-1.652210770735277889e-01
-3.218683560564020163e-02,-3.218683560564020163e-02,-3.218683560564020163e-02,-3.222431920278038403e-02,-3.222431920278038403e-02,-3.683275443412971362e-02,-3.664501883305787411e-02,-3.664501883305787411e-02,-3.664501883305787411e-02,-6.212229207830471944e-02
-3.861209707822516740e-03,-3.861209707822516740e-03,-3.861209707822516740e-03,-1.814106988021433470e-02,-4.402212413766352916e-02,-4.402212413766352916e-02,-3.158951525571965929e-02,-3.158951525571965929e-02,-3.158951525571965929e-02,-1.678690021324636961e-01
2.494557190433757676e-02,2.494557190433757676e-02,2.494557190433757676e-02,-5.565703194216475858e-02,-5.565703194216475858e-02,-5.565703194216475858e-02,-1.200309129545601705e-01,-1.200309129545601705e-01,-1.200309129545601705e-01,-1.813622471405423320e-01
-3.293198276001203795e-02,-3.293198276001203795e-02,-3.293198276001203795e-02,-3.373538355334772532e-01,-3.373538355334772532e-01,-3.373538355334772532e-01,-5.083063715761289292e-02,-5.083063715761289292e-02,-5.083063715761289292e-02,-9.931418621670877467e-02
2.116910903082675974e-03,2.116910903082675974e-03,2.116910903082675974e-03,-2.442531712960278531e-02,-4.468850402898376373e-02,-4.468850402898376373e-02,-8.223566595547415758e-02,-8.223566595547415758e-02,-8.223566595547415758e-02,-9.742837530258199874e-02
-8.284363175404298174e-04,-1.094269830462303583e-01,-1.094269830462303583e-01,-2.404311425882322065e-02,-6.808054783901369700e-02,-6.808054783901369700e-02,-9.059967756427701746e-02,-9.059967756427701746e-02,-9.059967756427701746e-02,-9.234824695610435730e-02
3.172466352587721694e-03,3.172466352587721694e-03,3.172466352587721694e-03,-7.470804944850868712e-02,-7.470804944850868712e-02,-7.470804944850868712e-02,-3.539994465058335371e-02,-3.539994465058335371e-02,-4.477261752419663121e-02,-1.120701368332193276e-01
7.702538616826043461e-03,7.702538616826043461e-03,7.702538616826043461e-03,-5.629844201658839968e-03,-1.667485133222389171e-01,-1.667485133222389171e-01,-1.939312588281478511e-01,-1.939312588281478511e-01,-1.939312588281478511e-01,-4.141496962969173912e-02
-3.527372197176949914e-02,-3.527372197176949914e-02,-3.527372197176949914e-02,-3.527427180048031685e-02,-3.527427180048031685e-02,-3.527427180048031685e-02,-3.544378578038888394e-02,-3.695101292100836515e-02,-3.695101292100836515e-02,-3.697394422427591198e-02
5.497527538556035154e-03,5.497527538556035154e-03,5.497527538556035154e-03,-5.664002960959031024e-02,-5.664002960959031024e-02,-5.664002960959031024e-02,-2.310302831011533109e-01,-2.310302831011533109e-01,-2.310302831011533109e-01,-2.306818352536147421e-01
-3.096456174708772657e-04,-3.096456174708772657e-04,-3.096456174708772657e-04,-4.178327464160833116e-02,-4.178327464160833116e-02,-4.178327464160833116e-02,-1.300235030479916509e-01,-1.300235030479916509e-01,-1.300235030479916509e-01,-1.871158360177664903e-01
-3.411107508287394841e-02,-3.411107508287394841e-02,-3.411107508287394841e-02,-3.551663539836683731e-02,-3.551663539836683731e-02,-3.551663539836683731e-02,-3.551663066217550929e-02,-3.758294457685045636e-02,-3.758294457685045636e-02,-3.813492778318824938e-02
-2.081296216337096341e-02,-2.081296216337096341e-02,-6.032933732358701506e-02,-3.551240524512423724e-02,-3.551240524512423724e-02,-3.551240524512423724e-02,-3.551240516784950896e-02,-3.634620287557740331e-02,-3.634620287557740331e-02,-3.654442361203521367e-02
1.356840977890905187e-03,1.356840977890905187e-03,1.356840977890905187e-03,-3.471043203185037590e-02,-3.471043203185037590e-02,-3.471043203185037590e-02,-1.404730096514380522e-01,-1.404730096514380522e-01,-1.404730096514380522e-01,-3.553374217462634821e-02
