1.742297494832388272e-01,1.742297494832388272e-01,1.742297494832388272e-01,1.330377586762166164e-01,1.330377586762166164e-01,1.330377586762166164e-01,9.979768398656453307e-03,9.979768398656453307e-03,9.979768398656453307e-03,3.736452636522427564e-03
1.999988856813468274e+01,1.999988856813468274e+01,1.027006399527313718e+01,5.561031441424795219e+00,5.561031441424795219e+00,5.561031441424795219e+00,1.123069220004171642e+00,1.123069220004171642e+00,1.123069220004171642e+00,4.963649905940708540e-01
8.796949175272771315e-01,8.796949175272771315e-01,8.796949175272771315e-01,8.075130501602733046e-01,8.075130501602733046e-01,8.075130501602733046e-01,1.051495133245612390e+00,1.051495133245612390e+00,1.051495133245612390e+00,6.383041769582527003e-01
5.107599908339192085e-01,5.107599908339192085e-01,5.107599908339192085e-01,3.622502813644249420e-01,3.622502813644249420e-01,5.961738473704487618e-01,1.459849544036535916e-03,1.459849544036535916e-03,1.459849544036535916e-03,2.757298405822410087e-05
8.909946076233580925e+00,8.909946076233580925e+00,8.909946076233580925e+00,2.052274651595670019e+00,2.052274651595670019e+00,2.052274651595670019e+00,5.199363791351510056e-01,5.199363791351510056e-01,5.199363791351510056e-01,4.605373725302451537e-02
3.107212864442956413e-01,3.107212864442956413e-01,3.107212864442956413e-01,6.130041756549640120e-01,6.130041756549640120e-01,6.130041756549640120e-01,4.820349126674791096e-01,4.820349126674791096e-01,4.820349126674791096e-01,4.316453368472359386e-01
2.855420830631735241e-01,2.855420830631735241e-01,2.855420830631735241e-01,1.380315270629952351e-01,1.380315270629952351e-01,1.380315270629952351e-01,4.275104221258163584e-01,4.275104221258163584e-01,4.275104221258163584e-01,2.645872517718353967e-01
1.236711181224684902e-01,1.236711181224684902e-01,1.236711181224684902e-01,2.190295727189359720e-01,2.190295727189359720e-01,2.190295727189359720e-01,3.816107904294619990e-01,3.816107904294619990e-01,3.816107904294619990e-01,6.716958793841450170e-02
1.999999999999922906e+01,9.769136480700408853e+00,2.000000000000000000e+01,1.486470649816321155e+00,1.486470649816321155e+00,1.486470649816321155e+00,7.760742450352935418e-01,7.760742450352935418e-01,7.760742450352935418e-01,6.510451258310111511e-01
2.957341247708217269e-01,2.957341247708217269e-01,2.957341247708217269e-01,2.842861461552555480e-01,2.842861461552555480e-01,2.842861461552555480e-01,3.826385868575895022e-01,3.826385868575895022e-01,3.826385868575895022e-01,4.135001621666772320e-01
2.000000000000000000e+01,2.000000000000000000e+01,2.000000000000000000e+01,1.975746990441997752e+00,7.741151809672992545e-01,7.741151809672992545e-01,8.036917465808054439e-01,8.036917465808054439e-01,8.036917465808054439e-01,4.909164122284417897e-01
2.000000000000000000e+01,2.000000000000000000e+01,2.000000000000000000e+01,8.787181752793475631e-02,8.787181752793475631e-02,8.787181752793475631e-02,4.484214532605446113e-01,4.484214532605446113e-01,4.484214532605446113e-01,3.031287120011682545e-01
1.349295365393534896e+00,1.349295365393534896e+00,1.349295365393534896e+00,1.467118583400802256e+00,1.467118583400802256e+00,1.467118583400802256e+00,9.741754434405043295e-01,9.741754434405043295e-01,9.741754434405043295e-01,7.017521886428589317e-01
3.529389123341460932e-01,3.529389123341460932e-01,3.529389123341460932e-01,1.752798714948803627e-01,1.752798714948803627e-01,1.752798714948803627e-01,3.302253937261888650e-01,3.302253937261888650e-01,3.302253937261888650e-01,1.273575716395877744e-01
1.422247071911888483e-01,1.422247071911888483e-01,1.422247071911888483e-01,2.899960641089784352e-01,2.899960641089784352e-01,2.899960641089784352e-01,3.629402706143693425e-01,3.629402706143693425e-01,3.629402706143693425e-01,3.832886744253067857e-01
1.999999998311388083e+01,1.999999999999992539e+01,1.999999999999992539e+01,4.046745228594908816e+00,3.797857841920443400e-01,3.797857841920443400e-01,1.139699199853035916e+00,2.385106838446180155e-01,2.385106838446180155e-01,2.000766288943013060e-01
2.000000000000000000e+01,2.000000000000000000e+01,6.913548828726226447e-02,1.418932316556584250e-01,1.418932316556584250e-01,1.418932316556584250e-01,2.313335758627116934e-01,2.313335758627116934e-01,2.313335758627116934e-01,3.364521010241901533e-01
5.285095626332616536e-01,5.285095626332616536e-01,5.285095626332616536e-01,1.232883789568396393e+00,1.232883789568396393e+00,1.232883789568396393e+00,8.998271867893022913e-01,8.998271867893022913e-01,8.998271867893022913e-01,7.023561663273014677e-01
6.676462061064913911e-01,6.676462061064913911e-01,6.676462061064913911e-01,2.608788998815379512e-01,2.608788998815379512e-01,2.608788998815379512e-01,3.269940673755875049e-01,3.269940673755875049e-01,3.269940673755875049e-01,2.960022791803702535e-01
1.206859290681532443e-01,1.206859290681532443e-01,1.206859290681532443e-01,4.186969196474292221e-01,4.186969196474292221e-01,4.186969196474292221e-01,3.459359285413202700e-01,3.459359285413202700e-01,3.459359285413202700e-01,3.059496539818879479e-01
2.325704606935709573e-01,2.325704606935709573e-01,2.325704606935709573e-01,1.849141999190827002e-01,1.849141999190827002e-01,1.849141999190827002e-01,5.698735040977849498e-02,5.698735040977849498e-02,5.698735040977849498e-02,3.233114669136733649e-02
1.583151100575842241e-01,1.583151100575842241e-01,1.583151100575842241e-01,1.088953754405170699e-01,1.088953754405170699e-01,1.088953754405170699e-01,5.044941413288721588e-01,5.044941413288721588e-01,5.044941413288721588e-01,1.045285019447503155e-01
7.445624731068718749e-02,7.445624731068718749e-02,7.445624731068718749e-02,1.999991214474689372e+01,1.999991214474689372e+01,1.999991214474689372e+01,2.316122640916439823e-01,2.316122640916439823e-01,2.316122640916439823e-01,1.701741252391626158e-01
1.999994843520407528e+01,5.291517441621498286e+00,1.586189446081830212e+00,2.000000000000000000e+01,2.000000000000000000e+01,2.000000000000000000e+01,1.591637225700587521e+00,1.591637225700587521e+00,1.591637225700587521e+00,6.307359895624504720e-01
2.160003731207354727e-01,2.160003731207354727e-01,2.160003731207354727e-01,2.043299673880889511e-01,2.043299673880889511e-01,2.043299673880889511e-01,3.915327081774554463e-01,3.915327081774554463e-01,3.915327081774554463e-01,2.088401778011298726e-01
