-1.397637586667491050e+00,-1.397637586667491050e+00,-1.397637586667491050e+00,-1.397637586667491050e+00,-1.397637586667491050e+00,-1.397637586667491050e+00,-1.397637586667491050e+00,-1.397637586667491050e+00,-1.397637586667491050e+00,-1.397637586667491050e+00,-1.397637586667491050e+00
-1.077572596663919136e+00,-1.077572596663919136e+00,-1.267930560531150164e+00,-1.267930560531150164e+00,-1.345016789394706258e+00,-1.345016789394706258e+00,-1.345016789394706258e+00,-1.345016789394706258e+00,-1.345016789394706258e+00,-1.345016789394706258e+00,-1.345016789394706258e+00
1.292827591886069882e-01,-1.267930560531150164e+00,-1.267930560531150164e+00,-1.345016789394706258e+00,-1.345016789394706258e+00,-1.345016789394706258e+00,-1.345016789394706258e+00,-1.345016789394706258e+00,-1.345016789394706258e+00,-1.345016789394706258e+00,-1.345016789394706258e+00
-1.031864778866293797e+00,-1.031864778866293797e+00,-1.345016789394706258e+00,-1.345016789394706258e+00,-1.345016789394706258e+00,-1.345016789394706258e+00,-1.345016789394706258e+00,-1.345016789394706258e+00,-1.345016789394706258e+00,-1.345016789394706258e+00,-1.345016789394706258e+00
-3.575664975580465921e-01,-1.345016789394706258e+00,-1.345016789394706258e+00,-1.345016789394706258e+00,-1.345016789394706258e+00,-1.345016789394706258e+00,-1.345016789394706258e+00,-1.345016789394706258e+00,-1.345016789394706258e+00,-1.345016789394706258e+00,-1.345016789394706258e+00
-1.380041700483981337e+00,-1.380041700483981337e+00,-1.380041700483981337e+00,-1.380041700483981337e+00,-1.380041700483981337e+00,-1.380041700483981337e+00,-1.380041700483981337e+00,-1.380041700483981337e+00,-1.380041700483981337e+00,-1.380041700483981337e+00,-1.437218894536800740e+00
1.685589456255822682e-01,-1.193369116579049205e+00,-1.193369116579049205e+00,-1.193369116579049205e+00,-1.193369116579049205e+00,-1.193369116579049205e+00,-1.193369116579049205e+00,-1.193369116579049205e+00,-1.193369116579049205e+00,-1.437218894536800740e+00,-1.437218894536800740e+00
-1.206802059169041819e+00,-1.206802059169041819e+00,-1.206802059169041819e+00,-1.206802059169041819e+00,-1.206802059169041819e+00,-1.206802059169041819e+00,-1.206802059169041819e+00,-1.206802059169041819e+00,-1.437218894536800740e+00,-1.437218894536800740e+00,-1.437218894536800740e+00
-1.511895733543829223e+00,-1.511895733543829223e+00,-1.511895733543829223e+00,-1.511895733543829223e+00,-1.511895733543829223e+00,-1.511895733543829223e+00,-1.511895733543829223e+00,-1.511895733543829223e+00,-1.511895733543829223e+00,-1.511895733543829223e+00,-1.511895733543829223e+00
-1.580544528121400560e+00,-1.580544528121400560e+00,-1.580544528121400560e+00,-1.580544528121400560e+00,-1.580544528121400560e+00,-1.580544528121400560e+00,-1.580544528121400560e+00,-1.580544528121400560e+00,-1.580544528121400560e+00,-1.580544528121400560e+00,-1.580544528121400560e+00
-6.710668644460966448e-01,-6.710668644460966448e-01,-6.710668644460966448e-01,-6.710668644460966448e-01,-6.710668644460966448e-01,-1.437218894536800740e+00,-1.437218894536800740e+00,-1.437218894536800740e+00,-1.437218894536800740e+00,-1.437218894536800740e+00,-1.437218894536800740e+00
-1.649261381712672225e-01,-1.649261381712672225e-01,-1.649261381712672225e-01,-1.649261381712672225e-01,-1.437218894536800740e+00,-1.437218894536800740e+00,-1.437218894536800740e+00,-1.437218894536800740e+00,-1.437218894536800740e+00,-1.437218894536800740e+00,-1.487091089991867676e+00
-1.300127739368518220e+00,-1.300127739368518220e+00,-1.300127739368518220e+00,-1.437218894536800740e+00,-1.437218894536800740e+00,-1.437218894536800740e+00,-1.437218894536800740e+00,-1.437218894536800740e+00,-1.437218894536800740e+00,-1.487091089991867676e+00,-1.487091089991867676e+00
-1.595691489291375831e+00,-1.595691489291375831e+00,-1.595691489291375831e+00,-1.595691489291375831e+00,-1.595691489291375831e+00,-1.595691489291375831e+00,-1.595691489291375831e+00,-1.595691489291375831e+00,-1.595691489291375831e+00,-1.595691489291375831e+00,-1.595691489291375831e+00
3.613089018761317384e-01,-1.437218894536800740e+00,-1.437218894536800740e+00,-1.437218894536800740e+00,-1.437218894536800740e+00,-1.437218894536800740e+00,-1.437218894536800740e+00,-1.487091089991867676e+00,-1.487091089991867676e+00,-1.487091089991867676e+00,-1.487091089991867676e+00
-1.190708748609409895e+00,-1.190708748609409895e+00,-1.190708748609409895e+00,-1.307728213262368655e+00,-1.307728213262368655e+00,-1.307728213262368655e+00,-1.487091089991867676e+00,-1.487091089991867676e+00,-1.487091089991867676e+00,-1.487091089991867676e+00,-1.487091089991867676e+00
-4.562716797698591620e-01,-4.562716797698591620e-01,-1.307728213262368655e+00,-1.307728213262368655e+00,-1.307728213262368655e+00,-1.487091089991867676e+00,-1.487091089991867676e+00,-1.487091089991867676e+00,-1.487091089991867676e+00,-1.487091089991867676e+00,-1.487091089991867676e+00
-1.266357922621451415e+00,-1.307728213262368655e+00,-1.307728213262368655e+00,-1.307728213262368655e+00,-1.487091089991867676e+00,-1.487091089991867676e+00,-1.487091089991867676e+00,-1.487091089991867676e+00,-1.487091089991867676e+00,-1.487091089991867676e+00,-1.487091089991867676e+00
-1.142175859007315886e+00,-1.142175859007315886e+00,-1.142175859007315886e+00,-1.487091089991867676e+00,-1.487091089991867676e+00,-1.487091089991867676e+00,-1.487091089991867676e+00,-1.487091089991867676e+00,-1.487091089991867676e+00,-1.487091089991867676e+00,-1.487091089991867676e+00
3.576047220159859208e-01,3.576047220159859208e-01,-1.487091089991867676e+00,-1.487091089991867676e+00,-1.487091089991867676e+00,-1.487091089991867676e+00,-1.487091089991867676e+00,-1.487091089991867676e+00,-1.487091089991867676e+00,-1.487091089991867676e+00,-1.487091089991867676e+00
-1.505689973963328931e+00,-1.505689973963328931e+00,-1.505689973963328931e+00,-1.505689973963328931e+00,-1.505689973963328931e+00,-1.505689973963328931e+00,-1.505689973963328931e+00,-1.505689973963328931e+00,-1.505689973963328931e+00,-1.505689973963328931e+00,-1.505689973963328931e+00
-1.598205172934946461e+00,-1.598205172934946461e+00,-1.598205172934946461e+00,-1.598205172934946461e+00,-1.598205172934946461e+00,-1.598205172934946461e+00,-1.598205172934946461e+00,-1.598205172934946461e+00,-1.598205172934946461e+00,-1.598205172934946461e+00,-1.598205172934946461e+00
-1.280982792382041602e+00,-1.280982792382041602e+00,-1.280982792382041602e+00,-1.280982792382041602e+00,-1.280982792382041602e+00,-1.280982792382041602e+00,-1.280982792382041602e+00,-1.280982792382041602e+00,-1.280982792382041602e+00,-1.280982792382041602e+00,-1.280982792382041602e+00
-5.559480057907384420e-01,-5.559480057907384420e-01,-5.559480057907384420e-01,-5.559480057907384420e-01,-5.559480057907384420e-01,-1.151118819741306254e+00,-1.151118819741306254e+00,-1.151118819741306254e+00,-1.151118819741306254e+00,-1.151118819741306254e+00,-1.151118819741306254e+00
-1.588514837557777781e+00,-1.588514837557777781e+00,-1.588514837557777781e+00,-1.588514837557777781e+00,-1.588514837557777781e+00,-1.588514837557777781e+00,-1.588514837557777781e+00,-1.588514837557777781e+00,-1.588514837557777781e+00,-1.588514837557777781e+00,-1.588514837557777781e+00
