-2.779197873733333379e-01,-2.779197873733333379e-01,-2.779197873733333379e-01,-1.221350101420772161e+00,-1.221350101420772161e+00,-1.488076615676154457e+00,-1.488076623633393325e+00,-1.489066309546220657e+00,-1.489066309701844837e+00,-1.489066311902697670e+00,-1.489066311902697670e+00
-1.484918594137581760e+00,-1.488250148892878100e+00,-1.488250212291295504e+00,-1.488250212291295504e+00,-1.488250212291295504e+00,-1.488250212291295504e+00,-1.488250212291295504e+00,-1.488250212291295504e+00,-1.488250212291295504e+00,-1.488250212291295504e+00,-1.489071859647926210e+00
-1.239311103442180206e+00,-1.288879251237129431e+00,-1.288879251237129431e+00,-1.488667397111402169e+00,-1.488667397111402169e+00,-1.488667397111402169e+00,-1.488667397111402169e+00,-1.488667397111402169e+00,-1.488667397111402169e+00,-1.488667397111402169e+00,-1.488752041839235929e+00
-1.148652604376763753e+00,-1.148652604376763753e+00,-1.148652604376763753e+00,-1.454233465505306855e+00,-1.488894593800951682e+00,-1.488895199740388531e+00,-1.488895209639757189e+00,-1.488895209639757189e+00,-1.489049056576105201e+00,-1.489049056576105201e+00,-1.489072296824855757e+00
-1.468017839605873620e+00,-1.468017839605873620e+00,-1.468017839605873620e+00,-1.468017839605873620e+00,-1.486431022743517127e+00,-1.488978448778274233e+00,-1.488978448778274233e+00,-1.488978448778274233e+00,-1.488978448778274233e+00,-1.488978448778274233e+00,-1.488978448778274233e+00
-1.106250811576581672e+00,-1.106250811576581672e+00,-1.390607133778436255e+00,-1.475296342768007030e+00,-1.475296342768007030e+00,-1.475296342768007030e+00,-1.489056598077562521e+00,-1.489056598077562521e+00,-1.489056598077562521e+00,-1.489056598077562521e+00,-1.489072372556100587e+00
9.058300823840457691e-03,9.058300823840457691e-03,9.058300823840457691e-03,1.235912741510688606e-03,-6.504626887259207235e-01,-9.116633076416781334e-01,-9.116633076416781334e-01,-1.448059501767218205e+00,-1.488923320298138675e+00,-1.488923320298138675e+00,-1.489068137089074373e+00
-7.591887581151413045e-02,-7.591887581151413045e-02,-4.378827680328492566e-01,-4.378827680328492566e-01,-4.378827680328492566e-01,-1.007787541402361819e+00,-1.157800054209583651e+00,-1.484563215777130907e+00,-1.484563215777130907e+00,-1.484563215777130907e+00,-1.489063798332362021e+00
-3.913146475504647448e-01,-3.913146475504647448e-01,-3.913146475504647448e-01,-1.100850810718956962e+00,-1.142734145325889905e+00,-1.142734145325889905e+00,-1.142734145325889905e+00,-1.142734145325889905e+00,-1.474104001025931865e+00,-1.474104001025931865e+00,-1.489002156388216536e+00
-1.001271903341409919e+00,-1.001271903341409919e+00,-1.001271903341409919e+00,-1.001271903341409919e+00,-1.070261701551790789e+00,-1.127552323919634558e+00,-1.148252471128905272e+00,-1.148252471128905272e+00,-1.148252471128905272e+00,-1.148252471128905272e+00,-1.466126554265810400e+00
-1.212426587380636578e+00,-1.426259131408116998e+00,-1.484768004338035574e+00,-1.489000467134258265e+00,-1.489000467134258265e+00,-1.489000467134258265e+00,-1.489000467134258265e+00,-1.489000467134258265e+00,-1.489064620896970004e+00,-1.489064620896970004e+00,-1.489064620896970004e+00
-1.872048152911989227e-01,-1.034155561558748992e+00,-1.034155561558748992e+00,-1.149975744100840691e+00,-1.149975744100840691e+00,-1.149975744100840691e+00,-1.149975744100840691e+00,-1.149975744100840691e+00,-1.149975744100840691e+00,-1.149975744100840691e+00,-1.474850362189042752e+00
-1.318992615366756382e+00,-1.318992615366756382e+00,-1.336122393922799079e+00,-1.336122393922799079e+00,-1.336122393922799079e+00,-1.489013856748313103e+00,-1.489013856748313103e+00,-1.489013856748313103e+00,-1.489065321988757518e+00,-1.489065321988757518e+00,-1.489065321988757518e+00
-4.601725318554445443e-01,-4.601725318554445443e-01,-4.601725318554445443e-01,-4.601725318554445443e-01,-4.601725318554445443e-01,-1.108442390441853220e+00,-1.472316577634027013e+00,-1.488443287567386308e+00,-1.488443287567386308e+00,-1.488443287567386308e+00,-1.489056775807314770e+00
-8.274624838819485406e-01,-1.149510253286764705e+00,-1.149510253286764705e+00,-1.449955413016029482e+00,-1.487101636473997068e+00,-1.489072174423532013e+00,-1.489072174423532013e+00,-1.489072174423532013e+00,-1.489072486007335883e+00,-1.489072486007335883e+00,-1.489072486007335883e+00
-6.967688049990090893e-02,-6.967688049990090893e-02,-4.500031407521059568e-01,-4.500031407521059568e-01,-4.500031407521059568e-01,-1.080987933012405033e+00,-1.080987933012405033e+00,-1.080987933012405033e+00,-1.080987933012405033e+00,-1.080987933012405033e+00,-1.449753378343189958e+00
3.044273617765445167e-02,-8.319401703228359590e-01,-1.092770866625401682e+00,-1.138298740072857917e+00,-1.138298740072857917e+00,-1.138298740072857917e+00,-1.138298740072857917e+00,-1.138298740072857917e+00,-1.138298740072857917e+00,-1.483827593816002377e+00,-1.483827593816002377e+00
-9.163045956181400387e-01,-9.163045956181400387e-01,-9.163045956181400387e-01,-9.163045956181400387e-01,-9.163045956181400387e-01,-9.163045956181400387e-01,-9.163045956181400387e-01,-1.142774730801639826e+00,-1.142774730801639826e+00,-1.142774730801639826e+00,-1.482281480914066973e+00
-5.961303050418472749e-01,-5.961303050418472749e-01,-5.961303050418472749e-01,-5.961303050418472749e-01,-5.961303050418472749e-01,-5.961303050418472749e-01,-9.626816076348496676e-01,-1.229635214786201081e+00,-1.229635214786201081e+00,-1.399193190265849651e+00,-1.489055225618664435e+00
-6.182182148346797579e-01,-9.690194238386845571e-01,-9.690194238386845571e-01,-1.116223109159747651e+00,-1.443638454435841378e+00,-1.488596411122875995e+00,-1.488596411122875995e+00,-1.488596411122875995e+00,-1.488596411122875995e+00,-1.488596411122875995e+00,-1.488789406337639676e+00
-3.606913313964982826e-01,-3.606913313964982826e-01,-3.606913313964982826e-01,-3.606913313964982826e-01,-9.747203906386865402e-01,-1.369085227727492526e+00,-1.479314254472561263e+00,-1.489068413932151724e+00,-1.489068413932151724e+00,-1.489068413932151724e+00,-1.489069557942903632e+00
-4.525448964308952382e-01,-4.525448964308952382e-01,-4.525448964308952382e-01,-4.525448964308952382e-01,-4.525448964308952382e-01,-1.478083308914501348e+00,-1.487602615390032579e+00,-1.487602615390032579e+00,-1.487602615390032579e+00,-1.487602615390032579e+00,-1.489068395645158471e+00
-6.533381530244435353e-01,-6.533381530244435353e-01,-6.533381530244435353e-01,-6.533381530244435353e-01,-6.533381530244435353e-01,-1.488561157746276065e+00,-1.488934413475148322e+00,-1.488934413475148322e+00,-1.489067781815238467e+00,-1.489067781815238467e+00,-1.489069903720183996e+00
-1.326852617789792133e+00,-1.326852617789792133e+00,-1.469878906302506172e+00,-1.488013194369437908e+00,-1.488013194369437908e+00,-1.488013194369437908e+00,-1.488013194369437908e+00,-1.488013194369437908e+00,-1.488958905260149512e+00,-1.488958905260149512e+00,-1.488958905260149512e+00
-4.396897220679472085e-01,-4.396897220679472085e-01,-4.396897220679472085e-01,-4.396897220679472085e-01,-7.400304203498158095e-01,-7.400304203498158095e-01,-1.472481796178229718e+00,-1.472481796178229718e+00,-1.486817828535052843e+00,-1.488590356947278481e+00,-1.488980571708635070e+00
