-2.779197873733333379e-01,-2.779197873733333379e-01,-2.779197873733333379e-01,-1.486645985973170658e+00,-1.486645985973170658e+00,-1.486645985973170658e+00,-1.486645985973170658e+00,-1.486645985973170658e+00,-1.486645985973170658e+00,-1.486645985973170658e+00,-1.486645985973170658e+00
-1.484918594137581760e+00,-1.484918594137581760e+00,-1.484918594137581760e+00,-1.484918594137581760e+00,-1.484918594137581760e+00,-1.484918594137581760e+00,-1.484918594137581760e+00,-1.484918594137581760e+00,-1.484918594137581760e+00,-1.484918594137581760e+00,-1.484918594137581760e+00
-1.239311103442180206e+00,-1.239311103442180206e+00,-1.239311103442180206e+00,-1.239311103442180206e+00,-1.486219282712316625e+00,-1.486219282712316625e+00,-1.486219282712316625e+00,-1.486219282712316625e+00,-1.486219282712316625e+00,-1.486219282712316625e+00,-1.486219282712316625e+00
-1.148652604376763753e+00,-1.148652604376763753e+00,-1.148652604376763753e+00,-1.148652604376763753e+00,-1.148652604376763753e+00,-1.148652604376763753e+00,-1.148652604376763753e+00,-1.401282553687776877e+00,-1.417182354696182811e+00,-1.417182354696182811e+00,-1.417182354696182811e+00
-1.468017839605873620e+00,-1.468017839605873620e+00,-1.468017839605873620e+00,-1.468017839605873620e+00,-1.487751122530912129e+00,-1.487751122530912129e+00,-1.487751122530912129e+00,-1.487751122530912129e+00,-1.487751122530912129e+00,-1.487751122530912129e+00,-1.487751122530912129e+00
-1.106250811576581672e+00,-1.106250811576581672e+00,-1.106250811576581672e+00,-1.106250811576581672e+00,-1.106250811576581672e+00,-1.481122102103342941e+00,-1.481122102103342941e+00,-1.481122102103342941e+00,-1.481122102103342941e+00,-1.481122102103342941e+00,-1.481122102103342941e+00
9.058300823840457691e-03,-7.525813196095970659e-01,-7.525813196095970659e-01,-7.525813196095970659e-01,-7.525813196095970659e-01,-7.525813196095970659e-01,-1.126434747678798365e+00,-1.126434747678798365e+00,-1.138658941535336977e+00,-1.433158898015324478e+00,-1.433158898015324478e+00
-7.591887581151413045e-02,-7.525813196095970659e-01,-7.525813196095970659e-01,-7.525813196095970659e-01,-7.525813196095970659e-01,-1.049869052085440790e+00,-1.049869052085440790e+00,-1.049869052085440790e+00,-1.049869052085440790e+00,-1.410210536740192033e+00,-1.445023503281959165e+00
-3.913146475504647448e-01,-1.489037724753492276e+00,-1.489037724753492276e+00,-1.489037724753492276e+00,-1.489037724753492276e+00,-1.489037724753492276e+00,-1.489037724753492276e+00,-1.489037724753492276e+00,-1.489037724753492276e+00,-1.489037724753492276e+00,-1.489037724753492276e+00
-1.001271903341409919e+00,-1.349607736947820769e+00,-1.349607736947820769e+00,-1.349607736947820769e+00,-1.487679879222869150e+00,-1.487679879222869150e+00,-1.487679879222869150e+00,-1.487679879222869150e+00,-1.487679879222869150e+00,-1.487679879222869150e+00,-1.487679879222869150e+00
-1.212426587380636578e+00,-1.212426587380636578e+00,-1.212426587380636578e+00,-1.212426587380636578e+00,-1.212426587380636578e+00,-1.212426587380636578e+00,-1.466535016120074975e+00,-1.466535016120074975e+00,-1.466535016120074975e+00,-1.466535016120074975e+00,-1.466535016120074975e+00
-1.872048152911989227e-01,-1.872048152911989227e-01,-1.872048152911989227e-01,-1.872048152911989227e-01,-1.872048152911989227e-01,-1.872048152911989227e-01,-4.065559461875565828e-01,-1.087113588180824930e+00,-1.431305408622379982e+00,-1.454347356287792881e+00,-1.488431662567456959e+00
-1.318992615366756382e+00,-1.318992615366756382e+00,-1.483221087001985516e+00,-1.483221087001985516e+00,-1.483221087001985516e+00,-1.483221087001985516e+00,-1.483221087001985516e+00,-1.483221087001985516e+00,-1.483221087001985516e+00,-1.483221087001985516e+00,-1.483221087001985516e+00
-4.601725318554445443e-01,-4.601725318554445443e-01,-4.601725318554445443e-01,-4.601725318554445443e-01,-4.601725318554445443e-01,-7.826642497616795868e-01,-7.826642497616795868e-01,-7.826642497616795868e-01,-1.436994040162154151e+00,-1.436994040162154151e+00,-1.436994040162154151e+00
-8.274624838819485406e-01,-8.274624838819485406e-01,-8.274624838819485406e-01,-8.274624838819485406e-01,-8.274624838819485406e-01,-1.239605653404328267e+00,-1.451023960844000316e+00,-1.451023960844000316e+00,-1.451023960844000316e+00,-1.487909760043922391e+00,-1.487909760043922391e+00
-6.967688049990090893e-02,-6.308107640013769224e-01,-6.308107640013769224e-01,-6.308107640013769224e-01,-6.308107640013769224e-01,-6.308107640013769224e-01,-1.055917175193622048e+00,-1.055917175193622048e+00,-1.055917175193622048e+00,-1.403587963288506435e+00,-1.467668123550615489e+00
3.044273617765445167e-02,3.044273617765445167e-02,-5.641004682464603043e-02,-9.346474070990647975e-01,-9.346474070990647975e-01,-1.440207007162191744e+00,-1.479114393548661921e+00,-1.479114393548661921e+00,-1.479114393548661921e+00,-1.485323923618699471e+00,-1.485323923618699471e+00
-9.163045956181400387e-01,-9.163045956181400387e-01,-9.163045956181400387e-01,-9.763543001207491967e-01,-9.763543001207491967e-01,-9.763543001207491967e-01,-9.763543001207491967e-01,-1.134644504297660950e+00,-1.489056135821003712e+00,-1.489056135821003712e+00,-1.489056135821003712e+00
-5.961303050418472749e-01,-7.525813196095970659e-01,-7.525813196095970659e-01,-7.525813196095970659e-01,-7.525813196095970659e-01,-1.455035427740157372e+00,-1.455035427740157372e+00,-1.455035427740157372e+00,-1.455035427740157372e+00,-1.455035427740157372e+00,-1.455035427740157372e+00
-6.182182148346797579e-01,-6.182182148346797579e-01,-6.182182148346797579e-01,-6.182182148346797579e-01,-6.182182148346797579e-01,-1.028864506805628354e+00,-1.028864506805628354e+00,-1.464735212957065214e+00,-1.464735212957065214e+00,-1.474305930403445819e+00,-1.474305930403445819e+00
-3.606913313964982826e-01,-7.525813196095970659e-01,-7.525813196095970659e-01,-1.039849035540929112e+00,-1.039849035540929112e+00,-1.483519288954413096e+00,-1.483519288954413096e+00,-1.483519288954413096e+00,-1.483519288954413096e+00,-1.483519288954413096e+00,-1.483519288954413096e+00
-4.525448964308952382e-01,-7.525813196095970659e-01,-7.525813196095970659e-01,-7.525813196095970659e-01,-7.525813196095970659e-01,-7.525813196095970659e-01,-1.139029537171228901e+00,-1.466794868562203868e+00,-1.477558596081399722e+00,-1.477558596081399722e+00,-1.477558596081399722e+00
-6.533381530244435353e-01,-6.533381530244435353e-01,-6.533381530244435353e-01,-1.488083519880321726e+00,-1.488083519880321726e+00,-1.488083519880321726e+00,-1.488083519880321726e+00,-1.488083519880321726e+00,-1.488083519880321726e+00,-1.488083519880321726e+00,-1.488083519880321726e+00
-1.326852617789792133e+00,-1.326852617789792133e+00,-1.487247639961188028e+00,-1.487247639961188028e+00,-1.487247639961188028e+00,-1.487247639961188028e+00,-1.487247639961188028e+00,-1.487247639961188028e+00,-1.487247639961188028e+00,-1.487247639961188028e+00,-1.487247639961188028e+00
-4.396897220679472085e-01,-7.523773261150278335e-01,-7.523773261150278335e-01,-1.039849035540929112e+00,-1.039849035540929112e+00,-1.243822486947734784e+00,-1.243822486947734784e+00,-1.243822486947734784e+00,-1.486631155826310335e+00,-1.486631155826310335e+00,-1.486631155826310335e+00
