-1.397637586667491050e+00,-1.397637586667491050e+00,-1.397637586667491050e+00,-1.600558634461127561e+00,-1.600558634461127561e+00,-1.601185186854380049e+00,-1.601189882517166652e+00,-1.601189882517166652e+00,-1.601189882517166652e+00,-1.601189882517166652e+00,-1.601189882517166652e+00
-1.077572596663919136e+00,-1.077572596663919136e+00,-1.538670062931006832e+00,-1.594625280216995122e+00,-1.601268513069367572e+00,-1.601290210459332286e+00,-1.601290210459332286e+00,-1.601290210459332286e+00,-1.601294547363547593e+00,-1.601294547363547593e+00,-1.601294547363547593e+00
1.292827591886069882e-01,-7.243829293858539131e-02,-2.520349339082552653e-01,-3.971104227423802868e-01,-1.268027510695217686e+00,-1.268027510695217686e+00,-1.539066411406316170e+00,-1.539066411406316170e+00,-1.599281178236303447e+00,-1.601281914065708634e+00,-1.601306466178987975e+00
-1.031864778866293797e+00,-1.216551029136795137e+00,-1.397852511195010194e+00,-1.496070056134387372e+00,-1.600136707322703522e+00,-1.601272013624933876e+00,-1.601272013624933876e+00,-1.601272013624933876e+00,-1.601272013624933876e+00,-1.601272013624933876e+00,-1.601272013624933876e+00
-3.575664975580465921e-01,-5.134394629884564409e-01,-6.873964369986129697e-01,-8.211780010859257573e-01,-1.270515273628658015e+00,-1.270515273628658015e+00,-1.593263516339249897e+00,-1.593263516339249897e+00,-1.601117757645162953e+00,-1.601272510252277570e+00,-1.601280434740112391e+00
-1.380041700483981337e+00,-1.380041700483981337e+00,-1.491060957891047423e+00,-1.544966388702570192e+00,-1.598490529252659442e+00,-1.601220085640374435e+00,-1.601305109657008785e+00,-1.601305109657008785e+00,-1.601305109657008785e+00,-1.601305109657008785e+00,-1.601305109657008785e+00
1.685589456255822682e-01,1.645054195627206894e-01,1.645054195627206894e-01,1.645054195627206894e-01,-4.794487527807693716e-01,-8.772053973881934752e-01,-1.100601420009420295e+00,-1.274841464533571056e+00,-1.548401159079638489e+00,-1.596655737017531607e+00,-1.601269933870702822e+00
-1.206802059169041819e+00,-1.381513270228172274e+00,-1.504052556429919640e+00,-1.562531128408908287e+00,-1.600357340618441704e+00,-1.601296472102936796e+00,-1.601296472102936796e+00,-1.601296472102936796e+00,-1.601296472102936796e+00,-1.601296472102936796e+00,-1.601296472102936796e+00
-1.511895733543829223e+00,-1.511895733543829223e+00,-1.570424456136390923e+00,-1.590920653008762287e+00,-1.600661061207948599e+00,-1.601239704050581025e+00,-1.601259987703421039e+00,-1.601259987703421039e+00,-1.601298735972019216e+00,-1.601298735972019216e+00,-1.601298735972019216e+00
-1.580544528121400560e+00,-1.580544528121400560e+00,-1.601017189912891325e+00,-1.601305432594120504e+00,-1.601305432594120504e+00,-1.601305432594120504e+00,-1.601305432594120504e+00,-1.601305432594120504e+00,-1.601305432594120504e+00,-1.601305432594120504e+00,-1.601305432594120504e+00
-6.710668644460966448e-01,-1.438131679318768619e+00,-1.572585904626992992e+00,-1.597152455969942153e+00,-1.601203670285019420e+00,-1.601305102936418479e+00,-1.601305102936418479e+00,-1.601305102936418479e+00,-1.601305102936418479e+00,-1.601305102936418479e+00,-1.601305102936418479e+00
-1.649261381712672225e-01,-4.822849702677389772e-01,-6.581030104392024960e-01,-7.972289528049838481e-01,-1.564528839739434574e+00,-1.599091362985792131e+00,-1.601301803390207112e+00,-1.601301803390207112e+00,-1.601301803390207112e+00,-1.601301803390207112e+00,-1.601301803390207112e+00
-1.300127739368518220e+00,-1.300127739368518220e+00,-1.589525598179848842e+00,-1.600666519218812311e+00,-1.601302161508550981e+00,-1.601302161508550981e+00,-1.601302161508550981e+00,-1.601302161508550981e+00,-1.601302161508550981e+00,-1.601302161508550981e+00,-1.601302161508550981e+00
-1.595691489291375831e+00,-1.595691489291375831e+00,-1.599625110277705708e+00,-1.600828218021014493e+00,-1.600828218021014493e+00,-1.601260384274878490e+00,-1.601260384274878490e+00,-1.601289905764909705e+00,-1.601290209290120004e+00,-1.601290548583701678e+00,-1.601291978639442171e+00
3.613089018761317384e-01,3.613089018761317384e-01,1.254093152748017026e-01,-5.801132106213824358e-02,-1.113908112372500092e+00,-1.272245106246670865e+00,-1.272788302363558444e+00,-1.600957039818153405e+00,-1.600957039818153405e+00,-1.601287091807286345e+00,-1.601287091807286345e+00
-1.190708748609409895e+00,-1.248361727454234682e+00,-1.271772720442269744e+00,-1.271772720442269744e+00,-1.271772720442269744e+00,-1.576725128365073836e+00,-1.598459704787924984e+00,-1.601302945257171650e+00,-1.601302945257171650e+00,-1.601302945257171650e+00,-1.601302945257171650e+00
-4.562716797698591620e-01,-7.489578375622736317e-01,-9.387313346261514369e-01,-1.068078843296121683e+00,-1.576924144062582300e+00,-1.600007566060076769e+00,-1.601301899947414675e+00,-1.601301899947414675e+00,-1.601301899947414675e+00,-1.601301899947414675e+00,-1.601301899947414675e+00
-1.266357922621451415e+00,-1.266357922621451415e+00,-1.266357922621451415e+00,-1.266357922621451415e+00,-1.266357922621451415e+00,-1.548850169898771334e+00,-1.593008139677769108e+00,-1.601119764576905524e+00,-1.601304330320354907e+00,-1.601304330320354907e+00,-1.601304330320354907e+00
-1.142175859007315886e+00,-1.142175859007315886e+00,-1.377544890904412789e+00,-1.507393239105121019e+00,-1.600537164040376936e+00,-1.601206435746942880e+00,-1.601206435746942880e+00,-1.601206435746942880e+00,-1.601233619928920326e+00,-1.601233619928920326e+00,-1.601251439914999963e+00
3.576047220159859208e-01,3.576047220159859208e-01,2.476458714965152907e-01,1.828638909527660061e-01,-5.308707541680459663e-01,-8.367531230522469166e-01,-1.065017964320835731e+00,-1.581806524371623723e+00,-1.600264369725202585e+00,-1.601307243967343474e+00,-1.601307243967343474e+00
-1.505689973963328931e+00,-1.550542572145217513e+00,-1.586437639511117936e+00,-1.597173889325077312e+00,-1.597173889325077312e+00,-1.601251515183485630e+00,-1.601295876292184062e+00,-1.601295876292184062e+00,-1.601295876292184062e+00,-1.601295876292184062e+00,-1.601306084744991587e+00
-1.598205172934946461e+00,-1.601152694684349953e+00,-1.601155968196564139e+00,-1.601156027557874673e+00,-1.601156027557874673e+00,-1.601156027557874673e+00,-1.601156027557874673e+00,-1.601156027557874673e+00,-1.601302985524447386e+00,-1.601302985524447386e+00,-1.601302985524447386e+00
-1.280982792382041602e+00,-1.584225713053317719e+00,-1.599284430358331122e+00,-1.601161573458268705e+00,-1.601161573458268705e+00,-1.601292438444105848e+00,-1.601295368382093187e+00,-1.601307538339395542e+00,-1.601307538339395542e+00,-1.601307538339395542e+00,-1.601307538339395542e+00
-5.559480057907384420e-01,-7.949705771797623832e-01,-9.795575362653794471e-01,-1.113096210037603839e+00,-1.270219306530830927e+00,-1.270219306530830927e+00,-1.270219306530830927e+00,-1.596484202770941607e+00,-1.596484202770941607e+00,-1.601054199896804420e+00,-1.601293574750214610e+00
-1.588514837557777781e+00,-1.594030219227295930e+00,-1.598829449525020152e+00,-1.600754680319399270e+00,-1.600754680319399270e+00,-1.600754680319399270e+00,-1.600754680319399270e+00,-1.600754680319399270e+00,-1.600754680319399270e+00,-1.600754680319399270e+00,-1.600754680319399270e+00
