1.999999998284391012e+01,1.999999998284391012e+01,1.999999998284391012e+01,5.917570508687940212e+00,5.917570508687940212e+00,5.917570508687940212e+00,1.999378713579539557e+00,1.999378713579539557e+00,2.000000000000000000e+01,4.039785306082497862e-01
1.999994073241336423e+01,1.999994073241336423e+01,1.052837284828260916e-01,9.520455242893706427e-02,9.520455242893706427e-02,9.520455242893706427e-02,1.731476623652321301e-01,1.731476623652321301e-01,1.731476623652321301e-01,4.003208941998913362e-02
1.999994180236571140e+01,2.277211278061298393e-04,2.277211278061298393e-04,1.958449328680350043e-01,1.958449328680350043e-01,1.958449328680350043e-01,1.089108230842843611e-01,1.089108230842843611e-01,1.089108230842843611e-01,7.207159255153819388e-02
1.999999952046501051e+01,1.999999952046501051e+01,1.999999952046501051e+01,9.999999999999999547e-07,9.999999999999999547e-07,9.999999999999999547e-07,2.108964291464947016e-01,2.108964291464947016e-01,2.108964291464947016e-01,1.782676514061322381e-01
2.000000000000000000e+01,2.000000000000000000e+01,2.000000000000000000e+01,1.110840273803938238e+00,7.108982403799041228e-01,7.108982403799041228e-01,3.686347314156702137e-01,3.686347314156702137e-01,3.686347314156702137e-01,1.672838050655103825e-01
2.000000000000000000e+01,2.000000000000000000e+01,2.000000000000000000e+01,1.903722680800159051e+00,1.787217123973745991e+00,1.787217123973745991e+00,1.999999999996881073e+01,1.999999999996881073e+01,1.999999999996881073e+01,1.427744311363114527e+00
1.999994849816192755e+01,1.999994849816192755e+01,1.999994849816192755e+01,1.999987224592715762e+01,4.224423754149284060e-01,4.224423754149284060e-01,2.753695565619947438e-01,2.753695565619947438e-01,2.753695565619947438e-01,1.409948612131850521e-01
2.000000000000000000e+01,2.000000000000000000e+01,6.770170911639940670e+00,2.000000000000000000e+01,1.999998509042513462e+01,1.766443893196029080e+01,4.600234988447770235e+00,4.600234988447770235e+00,4.600234988447770235e+00,2.054359112296640699e+00
1.999999986774345118e+01,1.999999986774345118e+01,1.999999986774345118e+01,2.588536955690455166e+00,2.588536955690455166e+00,2.588536955690455166e+00,1.647747791639019521e+00,1.647747791639019521e+00,3.887611588734184997e-01,4.079471742988161065e-02
1.999999994328560859e+01,1.999999994328560859e+01,1.999999994328560859e+01,7.015901762186124713e-03,7.015901762186124713e-03,7.015901762186124713e-03,5.919133253361628721e-05,5.919133253361628721e-05,5.919133253361628721e-05,4.767794621090930873e-06
1.999999891644555206e+01,1.999999891644555206e+01,1.999999891644555206e+01,5.066973618169609908e-03,5.066973618169609908e-03,5.066973618169609908e-03,1.189927541079821701e-03,1.189927541079821701e-03,1.189927541079821701e-03,2.063695263961470784e-04
1.999994792423883183e+01,1.999993400551454670e+01,1.999993400551454670e+01,1.961497682898911687e+00,1.961497682898911687e+00,1.961497682898911687e+00,9.662713207975632823e-01,8.808421860705178963e-02,8.808421860705178963e-02,5.914169955554951508e-02
2.000000000000000000e+01,2.000000000000000000e+01,2.000000000000000000e+01,6.513934494763896410e+00,4.829572620285500051e+00,4.829572620285500051e+00,2.000000000000000000e+01,2.000000000000000000e+01,2.000000000000000000e+01,2.325972332189101710e+00
1.999994792697179946e+01,1.999999524916879423e+01,1.999999952372040468e+01,2.088291567238784729e+00,3.479968749454246169e+00,3.479968749454246169e+00,3.667200060990714050e-01,1.999999998906987386e+01,1.999999998906987386e+01,1.544385820457185865e-01
2.000000000000000000e+01,5.068475328216017761e-01,5.068475328216017761e-01,5.316999276876887073e-03,5.316999276876887073e-03,5.316999276876887073e-03,1.384547875206854906e-01,1.384547875206854906e-01,1.384547875206854906e-01,1.200621733757485932e-01
1.999999999999835154e+01,1.999998582575059203e+01,1.999992399943870325e+01,1.999985081753884586e+01,1.999985081753884586e+01,1.999985081753884586e+01,2.595354922456590829e-01,2.595354922456590829e-01,2.595354922456590829e-01,1.105042298905176273e-01
2.000000000000000000e+01,5.107823370378332672e-01,5.107823370378332672e-01,2.000000000000000000e+01,2.000000000000000000e+01,2.259443430626919824e-01,1.306225613778693728e-01,1.306225613778693728e-01,1.306225613778693728e-01,2.278844590576578275e-02
2.000000000000000000e+01,1.419016331412506027e+01,2.961610216018131236e+00,1.568795609301756544e+00,1.568795609301756544e+00,1.568795609301756544e+00,1.212104956392462185e+00,1.212104956392462185e+00,1.212104956392462185e+00,6.336202038151282911e-01
1.999999999999987210e+01,1.999999999999987210e+01,1.999999999999987210e+01,6.025450275367636582e-02,6.025450275367636582e-02,6.025450275367636582e-02,1.365142277563523576e-01,1.365142277563523576e-01,1.365142277563523576e-01,8.169413903109368214e-02
2.000000000000000000e+01,4.463499677189434328e-02,4.463499677189434328e-02,3.096426317510063073e-02,3.096426317510063073e-02,3.096426317510063073e-02,1.134056132809815043e-01,1.134056132809815043e-01,1.134056132809815043e-01,1.048991223695075470e-01
2.000000000000000000e+01,1.999990769245108169e+01,1.999990769245108169e+01,1.133943943566609214e+01,5.771393193530672150e+00,6.206670740220600280e+00,4.060451688616709021e+00,4.060451688616709021e+00,1.724863262766234417e-01,3.534368698749857707e+00
1.999994474423279556e+01,1.999999999216253244e+01,1.999999999216253244e+01,1.999978334314075923e+01,8.197479257080284576e-01,8.197479257080284576e-01,2.390370762820362982e-01,2.390370762820362982e-01,2.390370762820362982e-01,1.311331377731887182e-01
2.000000000000000000e+01,1.999999190276052374e+01,1.999999190276052374e+01,5.571187280442291723e+00,3.286017978152477426e+00,3.286017978152477426e+00,1.999999995260722230e+01,3.061102994843006297e-01,3.061102994843006297e-01,7.450018260289180405e-02
2.000000000000000000e+01,2.000000000000000000e+01,2.000000000000000000e+01,2.000000000000000000e+01,4.713745105834889482e-01,4.713745105834889482e-01,1.020137796102018740e-01,1.020137796102018740e-01,1.020137796102018740e-01,2.595082665661504473e-01
1.999999296630306844e+01,1.999996844108293459e+01,1.999996844108293459e+01,9.512184348204170803e+00,4.883452981720397545e+00,5.115104349165278563e+00,3.249850098377666807e+00,3.249850098377666807e+00,3.249850098377666807e+00,2.445875601649608821e+00
