2.179660658207224488e-01,1.128216419046207397e-01,-2.814240885709594700e-02,-2.814240885709594700e-02,-3.418591316212823278e-02,-3.418591316212823278e-02,-3.418591316212823278e-02,-3.418591316212823278e-02,-3.418591316212823278e-02,-3.418591316212823278e-02,-3.553228239185439452e-02
1.656143249478706251e-03,1.656143249478706251e-03,1.656143249478706251e-03,1.656143249478706251e-03,-3.483213522245012100e-02,-3.483213522245012100e-02,-3.483213522245012100e-02,-3.483213522245012100e-02,-3.483213522245012100e-02,-3.483213522245012100e-02,-3.483213522245012100e-02
-1.997576812961009141e-02,-1.997576812961009141e-02,-1.997576812961009141e-02,-3.547263097958457817e-02,-3.547263097958457817e-02,-3.547263097958457817e-02,-3.547263097958457817e-02,-3.547263097958457817e-02,-3.547263097958457817e-02,-3.547263097958457817e-02,-3.547263097958457817e-02
-3.138774239386004500e-02,-3.138774239386004500e-02,-3.138774239386004500e-02,-3.138774239386004500e-02,-3.138774239386004500e-02,-3.138774239386004500e-02,-3.138774239386004500e-02,-3.138774239386004500e-02,-3.304009666710432808e-02,-3.304009666710432808e-02,-3.304009666710432808e-02
1.330739548039909168e-02,1.330739548039909168e-02,1.330739548039909168e-02,1.330739548039909168e-02,-3.427295379199494368e-02,-3.427295379199494368e-02,-3.549698279235452558e-02,-3.549698279235452558e-02,-3.549698279235452558e-02,-3.549698279235452558e-02,-3.549698279235452558e-02
-3.551203792757506861e-02,-3.551203792757506861e-02,-3.551203792757506861e-02,-3.551203792757506861e-02,-3.551203792757506861e-02,-3.551203792757506861e-02,-3.551203792757506861e-02,-3.551203792757506861e-02,-3.551203792757506861e-02,-3.551203792757506861e-02,-3.551203792757506861e-02
2.480147143026190104e-02,-3.553385191985437147e-02,-3.553385191985437147e-02,-3.553385191985437147e-02,-3.553385191985437147e-02,-3.553385191985437147e-02,-3.553385191985437147e-02,-3.553385191985437147e-02,-3.553385191985437147e-02,-3.553385191985437147e-02,-3.553385191985437147e-02
2.048122075334029846e-01,2.048122075334029846e-01,3.248524077519282516e-02,3.248524077519282516e-02,-3.521710533733989068e-02,-3.521710533733989068e-02,-3.521710533733989068e-02,-3.521710533733989068e-02,-3.521710533733989068e-02,-3.521710533733989068e-02,-3.521710533733989068e-02
2.603246069025292098e+00,-3.529633307702828571e-02,-3.529633307702828571e-02,-3.529633307702828571e-02,-3.529633307702828571e-02,-3.529633307702828571e-02,-3.529633307702828571e-02,-3.529633307702828571e-02,-3.529633307702828571e-02,-3.529633307702828571e-02,-3.529633307702828571e-02
2.273487554137448630e+00,-2.749361391611188782e-02,-2.749361391611188782e-02,-2.749361391611188782e-02,-2.749361391611188782e-02,-2.749361391611188782e-02,-2.749361391611188782e-02,-3.443645980449191318e-02,-3.443645980449191318e-02,-3.541976644798827678e-02,-3.541976644798827678e-02
-2.112195059074999798e-02,-2.112195059074999798e-02,-2.112195059074999798e-02,-2.112195059074999798e-02,-3.550461855899424840e-02,-3.550461855899424840e-02,-3.550461855899424840e-02,-3.550461855899424840e-02,-3.550461855899424840e-02,-3.550461855899424840e-02,-3.550461855899424840e-02
-3.213913682293085411e-02,-3.213913682293085411e-02,-3.316935165277784536e-02,-3.316935165277784536e-02,-3.316935165277784536e-02,-3.316935165277784536e-02,-3.512198849160062808e-02,-3.512198849160062808e-02,-3.512198849160062808e-02,-3.512198849160062808e-02,-3.512198849160062808e-02
2.906328767633971702e-02,2.906328767633971702e-02,-2.187314534141313743e-02,-2.187314534141313743e-02,-2.187314534141313743e-02,-3.464537829395065299e-02,-3.464537829395065299e-02,-3.464537829395065299e-02,-3.464537829395065299e-02,-3.464537829395065299e-02,-3.464537829395065299e-02
1.629950809413216739e-01,-3.129414487526550881e-02,-3.129414487526550881e-02,-3.450552584186836885e-02,-3.450552584186836885e-02,-3.450552584186836885e-02,-3.450552584186836885e-02,-3.450552584186836885e-02,-3.450552584186836885e-02,-3.518391993746133178e-02,-3.518391993746133178e-02
-3.290685918386242886e-02,-3.290685918386242886e-02,-3.290685918386242886e-02,-3.290685918386242886e-02,-3.529514765486566757e-02,-3.529514765486566757e-02,-3.529514765486566757e-02,-3.529514765486566757e-02,-3.529514765486566757e-02,-3.529514765486566757e-02,-3.529514765486566757e-02
1.248711649596833707e-02,-3.553353625813866074e-02,-3.553353625813866074e-02,-3.553353625813866074e-02,-3.553353625813866074e-02,-3.553353625813866074e-02,-3.553353625813866074e-02,-3.553353625813866074e-02,-3.553353625813866074e-02,-3.553353625813866074e-02,-3.553353625813866074e-02
2.266252538358301538e-02,-2.617743269516486365e-02,-2.617743269516486365e-02,-2.617743269516486365e-02,-2.617743269516486365e-02,-3.527462199537283877e-02,-3.527462199537283877e-02,-3.527462199537283877e-02,-3.527462199537283877e-02,-3.527462199537283877e-02,-3.527462199537283877e-02
1.397119277247740043e-01,1.397119277247740043e-01,3.192954399952984378e-03,-3.470590335992297659e-02,-3.470590335992297659e-02,-3.470590335992297659e-02,-3.470590335992297659e-02,-3.470590335992297659e-02,-3.470590335992297659e-02,-3.470590335992297659e-02,-3.470590335992297659e-02
1.789694169763304255e-01,1.789694169763304255e-01,1.789694169763304255e-01,7.268665558977023544e-02,5.503582184637165718e-03,-3.550226715520349297e-02,-3.550226715520349297e-02,-3.550226715520349297e-02,-3.550226715520349297e-02,-3.550226715520349297e-02,-3.550226715520349297e-02
-3.527328506629433952e-02,-3.527328506629433952e-02,-3.527328506629433952e-02,-3.527328506629433952e-02,-3.527328506629433952e-02,-3.527328506629433952e-02,-3.527328506629433952e-02,-3.527328506629433952e-02,-3.527328506629433952e-02,-3.527328506629433952e-02,-3.527328506629433952e-02
1.652800181863596785e-01,1.652800181863596785e-01,1.652800181863596785e-01,9.420583222081188590e-02,-1.759893532168284487e-03,-2.714505342126484477e-02,-3.519720905376201581e-02,-3.519720905376201581e-02,-3.519720905376201581e-02,-3.519720905376201581e-02,-3.519720905376201581e-02
2.250581500840803939e-01,2.250581500840803939e-01,9.730806269335535996e-02,-7.160497797607132077e-04,-7.160497797607132077e-04,-3.060187340458047495e-02,-3.342896699711830899e-02,-3.551483918526070899e-02,-3.551483918526070899e-02,-3.551483918526070899e-02,-3.551483918526070899e-02
-3.410116944967877400e-02,-3.410116944967877400e-02,-3.410116944967877400e-02,-3.410116944967877400e-02,-3.410116944967877400e-02,-3.410116944967877400e-02,-3.514095291863792575e-02,-3.514095291863792575e-02,-3.514095291863792575e-02,-3.514095291863792575e-02,-3.514095291863792575e-02
-2.003655468586390195e-02,-2.003655468586390195e-02,-2.003655468586390195e-02,-3.502477493514141033e-02,-3.502477493514141033e-02,-3.502477493514141033e-02,-3.502477493514141033e-02,-3.502477493514141033e-02,-3.502477493514141033e-02,-3.502477493514141033e-02,-3.502477493514141033e-02
2.088130728730454577e-01,2.088130728730454577e-01,1.326956578141272047e-01,3.937582591406656868e-02,-2.070817565277791733e-02,-2.070817565277791733e-02,-2.070817565277791733e-02,-3.547342209059500123e-02,-3.547342209059500123e-02,-3.547342209059500123e-02,-3.547342209059500123e-02
