-1.062162797265288339e-01,-1.062162797265288339e-01,-1.062162797265288339e-01,-1.062162797265288339e-01,-1.062162797265288339e-01,-1.067313182551438144e-01,-1.067313182551438144e-01,-1.067313182551438144e-01,-6.930170710584372396e-01,-6.930170710584372396e-01,-6.930170710584372396e-01
-1.476690425209302160e-01,-1.476690425209302160e-01,-1.630298693265103682e-01,-1.996577464449230122e-01,-2.749544996580989831e-01,-2.901206636972341046e-01,-2.901206636972341046e-01,-2.901206636972341046e-01,-4.838584927721621964e-01,-4.838584927721621964e-01,-7.063621084401852102e-01
-8.138223729031851539e-02,-1.241537748784636713e-01,-2.775538189939099620e-01,-2.835075568272200086e-01,-2.892574562161061014e-01,-2.892574562161061014e-01,-2.892574562161061014e-01,-2.892574562161061014e-01,-2.892574562161061014e-01,-2.892574562161061014e-01,-2.892574562161061014e-01
-7.519083226584881707e-01,-7.519083226584881707e-01,-7.519083226584881707e-01,-7.519083226584881707e-01,-7.828492649029633599e-01,-7.828492649029633599e-01,-7.828492649029633599e-01,-7.886852962272242751e-01,-7.886852962272242751e-01,-7.886852962272242751e-01,-7.886852962272242751e-01
-6.233458260642246729e-02,-6.233458260642246729e-02,-1.316642082055723417e-01,-1.411571845007336401e-01,-2.420879173901212544e-01,-2.888265242272251010e-01,-2.888265242272251010e-01,-2.888265242272251010e-01,-2.890033179409177144e-01,-2.890033179409177144e-01,-2.890033179409177144e-01
-2.822233165947143560e-02,-2.822233165947143560e-02,-3.013668707205849340e-02,-3.163385409871258963e-02,-3.849593813869403580e-02,-3.868450155898927462e-02,-3.868450155898927462e-02,-7.333052685426937334e-01,-7.333052685426937334e-01,-7.333052685426937334e-01,-7.862815199285977386e-01
-1.784564101487582377e-01,-1.784564101487582377e-01,-1.784564101487582377e-01,-1.784564101487582377e-01,-2.126943684090093212e-01,-2.830754606474324975e-01,-2.876688467876393762e-01,-2.876688467876393762e-01,-2.876688467876393762e-01,-2.876688467876393762e-01,-2.876688467876393762e-01
-9.347507225118527330e-02,-9.390383922300975239e-02,-9.442295691626026444e-02,-9.904269591179090670e-02,-1.064989204945024776e-01,-1.066655076104467692e-01,-1.066655076104467692e-01,-1.066655076104467692e-01,-1.066655076104467692e-01,-1.066655076104467692e-01,-2.473084723679595809e-01
-1.034441144636266685e-01,-1.034441144636266685e-01,-1.034441144636266685e-01,-1.052277952609302347e-01,-1.052277952609302347e-01,-1.052277952609302347e-01,-1.052277952609302347e-01,-1.052277952609302347e-01,-1.527540769505770502e-01,-2.639463574193293138e-01,-2.882572554529848619e-01
-7.449681563635632831e-01,-7.449681563635632831e-01,-7.449681563635632831e-01,-7.449681563635632831e-01,-7.876049256563660839e-01,-7.876049256563660839e-01,-7.876049256563660839e-01,-7.884953658085396277e-01,-7.886847093796662822e-01,-7.886847093796662822e-01,-7.886847093796662822e-01
-2.849726213242409489e-01,-2.849726213242409489e-01,-2.849726213242409489e-01,-2.849726213242409489e-01,-2.896317949960127147e-01,-2.896317949960127147e-01,-7.650456877986130388e-01,-7.650456877986130388e-01,-7.875037119803005581e-01,-7.875037119803005581e-01,-7.885222324129960159e-01
2.956079938895418702e-02,-1.048085734502015587e-01,-1.048085734502015587e-01,-1.049646333048126906e-01,-1.049646333048126906e-01,-1.049646333048126906e-01,-1.049646333048126906e-01,-2.415800080311388542e-01,-2.415800080311388542e-01,-2.882926341496555578e-01,-2.901411079397789861e-01
-1.012643776309772176e-01,-1.015558890498816647e-01,-1.015558890498816647e-01,-1.018795668980845837e-01,-1.045435868143418656e-01,-1.047950549838540663e-01,-1.047950549838540663e-01,-1.047950549838540663e-01,-1.047950549838540663e-01,-1.063056883118309315e-01,-2.473084723679595809e-01
-7.663630683996557058e-02,-7.733909633212955603e-02,-8.774288213697244154e-02,-8.907792847527949698e-02,-1.064200311074296884e-01,-1.064200311074296884e-01,-1.064200311074296884e-01,-7.333052685426937334e-01,-7.333052685426937334e-01,-7.333052685426937334e-01,-7.868315005193315947e-01
-3.579704098311638494e-01,-3.646356102183332393e-01,-3.646356102183332393e-01,-3.646356102183332393e-01,-6.254891662816147724e-01,-7.208176143638159727e-01,-7.751237582406648174e-01,-7.886796594158376195e-01,-7.886796594158376195e-01,-7.886796594158376195e-01,-7.886796594158376195e-01
-3.210960500568760950e-02,-2.776321188881229474e-01,-2.822569588311552580e-01,-2.822569588311552580e-01,-2.822569588311552580e-01,-2.822569588311552580e-01,-2.822569588311552580e-01,-2.892495143023120496e-01,-2.892495143023120496e-01,-2.892495143023120496e-01,-4.368943851874478868e-01
6.301137605881632076e-02,5.940967889206458241e-02,1.794415083154167923e-17,1.794415083154167923e-17,1.794415083154167923e-17,-1.521060484062587426e-01,-1.521060484062587426e-01,-1.521060484062587426e-01,-1.521060484062587426e-01,-1.924302950698236203e-01,-5.890614579781496829e-01
-6.963771223410720745e-01,-6.997518305586811760e-01,-7.041169895744210372e-01,-7.385092325449097439e-01,-7.883557393969766736e-01,-7.886828235059791803e-01,-7.886828235059791803e-01,-7.886828235059791803e-01,-7.886828235059791803e-01,-7.886828235059791803e-01,-7.886828235059791803e-01
-1.515255023425616798e-01,-1.515255023425616798e-01,-1.515255023425616798e-01,-1.926104970931154514e-01,-2.993674077849625692e-01,-4.010293774853500581e-01,-4.836598932154214103e-01,-7.865630635089304601e-01,-7.865630635089304601e-01,-7.865630635089304601e-01,-7.886684369743423018e-01
-1.701091736817570144e-01,-2.310823761162933976e-01,-2.762487211578605328e-01,-3.131785674716146550e-01,-5.908574257935864660e-01,-7.251444012809522555e-01,-7.748624299145583372e-01,-7.886548555227432811e-01,-7.886731342814183865e-01,-7.886731342814183865e-01,-7.886731342814183865e-01
1.957867671719585451e-02,-1.048085734502015587e-01,-1.048085734502015587e-01,-1.049655140560740302e-01,-1.051534851393879366e-01,-1.064682128406416045e-01,-1.064682128406416045e-01,-1.064682128406416045e-01,-6.930170710584372396e-01,-7.187952211058834529e-01,-7.187952211058834529e-01
-4.979496129122320397e-02,-6.472412283406281386e-02,-6.472412283406281386e-02,-6.989552920866815011e-02,-1.057075476426047739e-01,-1.057075476426047739e-01,-1.057075476426047739e-01,-1.057075476426047739e-01,-1.057075476426047739e-01,-1.067294881369488246e-01,-1.067294881369488246e-01
-9.985838610993796882e-02,-1.001647759155448181e-01,-1.001647759155448181e-01,-1.005333578771823305e-01,-1.034510236612355971e-01,-1.045537993201474947e-01,-6.492376663849516172e-01,-7.308085412307619988e-01,-7.308085412307619988e-01,-7.871730156581049354e-01,-7.886588745023294100e-01
-3.452328375228394530e-02,-3.662844147312024901e-02,-3.662844147312024901e-02,-3.662844147312024901e-02,-1.057075476426047739e-01,-1.057075476426047739e-01,-1.057075476426047739e-01,-1.057075476426047739e-01,-1.057075476426047739e-01,-1.067343297372257138e-01,-7.045451582955456482e-01
-3.579840069257756580e-02,-1.048085734502015587e-01,-1.048085734502015587e-01,-1.049629533724715652e-01,-1.058711571565946752e-01,-1.067212268316286988e-01,-1.067212268316286988e-01,-7.333052685426937334e-01,-7.333052685426937334e-01,-7.659070909483709499e-01,-7.886793937264720000e-01
