-1.397637586667491050e+00,-1.397637586667491050e+00,-1.406340119349033024e+00,-1.507083701618778804e+00,-1.596025499726333230e+00,-1.601285909595139501e+00,-1.601300235949082662e+00,-1.601300235949082662e+00,-1.601300235949082662e+00,-1.601300235949082662e+00,-1.601300235949082662e+00
-1.077572596663919136e+00,-1.495919791712371882e+00,-1.495919791712371882e+00,-1.498192223538533874e+00,-1.585459601530716967e+00,-1.593579381777617598e+00,-1.597259238888717903e+00,-1.601298290685070569e+00,-1.601298290685070569e+00,-1.601298290685070569e+00,-1.601306174827917594e+00
1.292827591886069882e-01,-7.202758584443857970e-01,-7.202758584443857970e-01,-8.336951280315441082e-01,-8.336951280315441082e-01,-1.002329883150854251e+00,-1.241477678556478281e+00,-1.241477678556478281e+00,-1.241477678556478281e+00,-1.241477678556478281e+00,-1.274163504252463497e+00
-1.031864778866293797e+00,-1.495919791712371882e+00,-1.495919791712371882e+00,-1.498267583809658632e+00,-1.501121566875641022e+00,-1.528581592809180378e+00,-1.600527335931585249e+00,-1.600527335931585249e+00,-1.600527335931585249e+00,-1.600527335931585249e+00,-1.601180196143525691e+00
-3.575664975580465921e-01,-1.235552123599493513e+00,-1.246795942102895793e+00,-1.246795942102895793e+00,-1.246795942102895793e+00,-1.250245353614721111e+00,-1.250245353614721111e+00,-1.250245353614721111e+00,-1.274845174385711211e+00,-1.274845174385711211e+00,-1.274845174385711211e+00
-1.380041700483981337e+00,-1.380041700483981337e+00,-1.557142071732082300e+00,-1.571384046080719799e+00,-1.571384046080719799e+00,-1.571384046080719799e+00,-1.571384046080719799e+00,-1.600937180890376510e+00,-1.601307482168584428e+00,-1.601307482168584428e+00,-1.601307482168584428e+00
1.685589456255822682e-01,1.685589456255822682e-01,1.678847870592274916e-01,1.608130380862133890e-01,1.608130380862133890e-01,1.608130380862133890e-01,1.608130380862133890e-01,-6.163896011790850338e-01,-1.039473495035467820e+00,-1.269609899241667783e+00,-1.269609899241667783e+00
-1.206802059169041819e+00,-1.211326671734630267e+00,-1.217091891194997721e+00,-1.263952197188732640e+00,-1.263952197188732640e+00,-1.269580213273583169e+00,-1.372971803947177882e+00,-1.523839657172278095e+00,-1.598671266709894567e+00,-1.598671266709894567e+00,-1.598671266709894567e+00
-1.511895733543829223e+00,-1.514207750311337364e+00,-1.557142071732082300e+00,-1.562504492149694002e+00,-1.600296779737741204e+00,-1.600296779737741204e+00,-1.600296779737741204e+00,-1.600296779737741204e+00,-1.600296779737741204e+00,-1.600296779737741204e+00,-1.601293363794054514e+00
-1.580544528121400560e+00,-1.592300353357233966e+00,-1.596516075472328211e+00,-1.596516075472328211e+00,-1.596516075472328211e+00,-1.599510483166688424e+00,-1.601290171971498033e+00,-1.601290171971498033e+00,-1.601290171971498033e+00,-1.601290171971498033e+00,-1.601290171971498033e+00
-6.710668644460966448e-01,-6.710668644460966448e-01,-6.710668644460966448e-01,-7.203526292221567040e-01,-7.995806158148792697e-01,-9.151636508070399856e-01,-9.151636508070399856e-01,-1.024053115682145076e+00,-1.590419509388274477e+00,-1.601224499883398877e+00,-1.601276963826513189e+00
-1.649261381712672225e-01,-3.132466599384060579e-01,-3.132466599384060579e-01,-3.255065694518366470e-01,-4.016960081235687596e-01,-6.760394260601687577e-01,-9.478329333938568801e-01,-1.600600118603582978e+00,-1.600984777153675154e+00,-1.600984777153675154e+00,-1.601290496601729174e+00
-1.300127739368518220e+00,-1.304179568366480524e+00,-1.304179568366480524e+00,-1.309117579024611899e+00,-1.349239549758142864e+00,-1.490620290950221083e+00,-1.599600693950062436e+00,-1.600265847461238344e+00,-1.600265847461238344e+00,-1.600265847461238344e+00,-1.600338792840673818e+00
-1.595691489291375831e+00,-1.595691489291375831e+00,-1.595691489291375831e+00,-1.599829711028984747e+00,-1.599829711028984747e+00,-1.599829711028984747e+00,-1.600542675856688746e+00,-1.600542675856688746e+00,-1.600542675856688746e+00,-1.600542675856688746e+00,-1.601304649288301185e+00
3.613089018761317384e-01,-1.495919791712371882e+00,-1.495919791712371882e+00,-1.495919791712371882e+00,-1.495919791712371882e+00,-1.596627604108645571e+00,-1.596627604108645571e+00,-1.601250828041255403e+00,-1.601250828041255403e+00,-1.601294075749358115e+00,-1.601304765769766547e+00
-1.190708748609409895e+00,-1.235552123599493513e+00,-1.246795942102895793e+00,-1.246795942102895793e+00,-1.252477527980782490e+00,-1.252477527980782490e+00,-1.274616745733483825e+00,-1.274616745733483825e+00,-1.274616745733483825e+00,-1.274616745733483825e+00,-1.586547808388811376e+00
-4.562716797698591620e-01,-4.911388317172384887e-01,-5.750243935017245178e-01,-5.808436289149039311e-01,-7.462819244888660997e-01,-1.148784994725110309e+00,-1.419922453584502975e+00,-1.600608718615275983e+00,-1.600608718615275983e+00,-1.600608718615275983e+00,-1.601219654980005735e+00
-1.266357922621451415e+00,-1.266357922621451415e+00,-1.266357922621451415e+00,-1.266357922621451415e+00,-1.266357922621451415e+00,-1.266969288884584266e+00,-1.274281414293212400e+00,-1.600265847461238344e+00,-1.600265847461238344e+00,-1.600265847461238344e+00,-1.600265847461238344e+00
-1.142175859007315886e+00,-1.240998585818195998e+00,-1.240998585818195998e+00,-1.245021346979315879e+00,-1.361958795086139595e+00,-1.597971456597579554e+00,-1.597971456597579554e+00,-1.597971456597579554e+00,-1.601136363868310042e+00,-1.601286989527824112e+00,-1.601305653996144329e+00
3.576047220159859208e-01,3.576047220159859208e-01,-3.658466487116549537e-01,-7.339251826637847032e-01,-1.029826192866641676e+00,-1.226891943925446427e+00,-1.404521022542133402e+00,-1.600970624571312229e+00,-1.601233229659886348e+00,-1.601233229659886348e+00,-1.601243029514610505e+00
-1.505689973963328931e+00,-1.505689973963328931e+00,-1.596481150119810621e+00,-1.596481150119810621e+00,-1.599609809346171474e+00,-1.599609809346171474e+00,-1.599609809346171474e+00,-1.599609809346171474e+00,-1.600520639038975013e+00,-1.601293286355747192e+00,-1.601304185643737554e+00
-1.598205172934946461e+00,-1.601152694684349953e+00,-1.601152694684349953e+00,-1.601152694684349953e+00,-1.601152694684349953e+00,-1.601240438069960526e+00,-1.601240438069960526e+00,-1.601240438069960526e+00,-1.601240438069960526e+00,-1.601240438069960526e+00,-1.601305609234096927e+00
-1.280982792382041602e+00,-1.285119615175620567e+00,-1.285119615175620567e+00,-1.290248339087242790e+00,-1.330519644169558369e+00,-1.478468405249666162e+00,-1.601242701580567918e+00,-1.601242701580567918e+00,-1.601242701580567918e+00,-1.601242701580567918e+00,-1.601242701580567918e+00
-5.559480057907384420e-01,-5.559480057907384420e-01,-6.746150244852593403e-01,-6.746150244852593403e-01,-9.333535271625454932e-01,-1.140860976074273836e+00,-1.140860976074273836e+00,-1.274845934444631013e+00,-1.274845934444631013e+00,-1.274845934444631013e+00,-1.596651105143090277e+00
-1.588514837557777781e+00,-1.588514837557777781e+00,-1.596516075472328211e+00,-1.596516075472328211e+00,-1.596516075472328211e+00,-1.601113389864670999e+00,-1.601113389864670999e+00,-1.601113389864670999e+00,-1.601113389864670999e+00,-1.601113389864670999e+00,-1.601113389864670999e+00
