-1.062162797265288339e-01,-1.062162797265288339e-01,-1.062162797265288339e-01,-1.062162797265288339e-01,-1.062162797265288339e-01,-1.067313182551438144e-01,-1.067313182551438144e-01,-1.067313182551438144e-01,-6.930170710584372396e-01,-6.930170710584372396e-01,-6.930170710584372396e-01
-1.476690425209302160e-01,-1.476690425209302160e-01,-1.630298693265103682e-01,-1.996577462033226336e-01,-2.749545322402025538e-01,-2.901206617267141352e-01,-2.901206617267141352e-01,-2.901206617267141352e-01,-4.820342280816793390e-01,-4.820342280816793390e-01,-7.042429292006822106e-01
-8.138223729031851539e-02,-1.241537748784636713e-01,-2.775524075487357800e-01,-2.835067385613826429e-01,-2.897744769332369907e-01,-2.897744769332369907e-01,-2.897744769332369907e-01,-2.897744769332369907e-01,-2.897744769332369907e-01,-2.897744769332369907e-01,-2.897744769332369907e-01
-7.519083226584881707e-01,-7.519083226584881707e-01,-7.519083226584881707e-01,-7.519083226584881707e-01,-7.815989119917788885e-01,-7.851192425875720415e-01,-7.859486327836738839e-01,-7.859486327836738839e-01,-7.859486327836738839e-01,-7.859486327836738839e-01,-7.885863047244342505e-01
-6.233458260642246729e-02,-1.617112887292714019e-01,-2.276460259427571242e-01,-2.719304926195904026e-01,-2.889161812734020174e-01,-2.889161812734020174e-01,-2.889161812734020174e-01,-2.889161812734020174e-01,-2.889161812734020174e-01,-2.889161812734020174e-01,-2.889161812734020174e-01
-2.822233165947143560e-02,-2.822233165947143560e-02,-3.013668707205849340e-02,-3.161659254271467767e-02,-3.848150286509634255e-02,-3.869091082946521376e-02,-3.869091082946521376e-02,-3.869091082946521376e-02,-3.869091082946521376e-02,-3.898108081975715927e-02,-2.473084723679595809e-01
-1.784564101487582377e-01,-2.558106196475819494e-01,-2.882334523053822206e-01,-2.882334523053822206e-01,-2.882334523053822206e-01,-2.882334523053822206e-01,-2.882334523053822206e-01,-2.882334523053822206e-01,-2.882334523053822206e-01,-2.882334523053822206e-01,-2.901403157345889827e-01
-9.347507225118527330e-02,-9.451550053271207119e-02,-9.623631427724002596e-02,-9.760848937331749464e-02,-9.760848937331749464e-02,-9.760848937331749464e-02,-9.760848937331749464e-02,-9.760848937331749464e-02,-1.297588907771508870e-01,-1.297588907771508870e-01,-2.229507337485127083e-01
-1.034441144636266685e-01,-1.034441144636266685e-01,-1.034441144636266685e-01,-1.052277952609302347e-01,-1.052277952609302347e-01,-1.052277952609302347e-01,-1.052277952609302347e-01,-1.052277952609302347e-01,-1.527540769505770502e-01,-2.639463535287376317e-01,-2.882572543675122612e-01
-7.449681563635632831e-01,-7.449681563635632831e-01,-7.449681563635632831e-01,-7.449681563635632831e-01,-7.828056330274177910e-01,-7.828056330274177910e-01,-7.828056330274177910e-01,-7.828056330274177910e-01,-7.828056330274177910e-01,-7.828056330274177910e-01,-7.886770580044051293e-01
-2.849726213242409489e-01,-2.849726213242409489e-01,-2.849726213242409489e-01,-2.849726213242409489e-01,-2.896317949280807214e-01,-2.896317949280807214e-01,-7.650456813788535371e-01,-7.650456813788535371e-01,-7.863256498657351656e-01,-7.863256498657351656e-01,-7.863256498657351656e-01
2.956079938895418702e-02,-1.048085734502015587e-01,-1.048085734502015587e-01,-1.048085734502015587e-01,-1.048085734502015587e-01,-1.048085734502015587e-01,-1.048085734502015587e-01,-2.415800080311388542e-01,-2.415800080311388542e-01,-2.883181382327728026e-01,-2.883181382327728026e-01
-1.012643776309772176e-01,-1.012643776309772176e-01,-1.012643776309772176e-01,-1.012643776309772176e-01,-1.012643776309772176e-01,-1.066562157155812596e-01,-1.066562157155812596e-01,-1.066562157155812596e-01,-1.948594204162211185e-01,-2.597007152928602070e-01,-2.900251954948382394e-01
-7.663630683996557058e-02,-7.733909633212955603e-02,-8.774288213697244154e-02,-8.908026679381052249e-02,-1.064241859474209517e-01,-1.064241859474209517e-01,-1.064241859474209517e-01,-7.333052685426937334e-01,-7.333052685426937334e-01,-7.333052685426937334e-01,-7.840184297398254953e-01
-3.579704098311638494e-01,-3.579704098311638494e-01,-3.579704098311638494e-01,-3.579704098311638494e-01,-3.924168998882217041e-01,-4.741082518513146105e-01,-5.393465647812436536e-01,-7.564118360444026523e-01,-7.885374168737315781e-01,-7.885374168737315781e-01,-7.885374168737315781e-01
-3.210960500568760950e-02,-2.776321188881229474e-01,-2.822569588311552580e-01,-2.822569588311552580e-01,-2.822569588311552580e-01,-2.822569588311552580e-01,-2.822569588311552580e-01,-2.892495143023120496e-01,-2.892495143023120496e-01,-2.892495143023120496e-01,-3.958876328303703729e-01
6.301137605881632076e-02,1.794415083154167923e-17,1.794415083154167923e-17,1.794415083154167923e-17,1.794415083154167923e-17,1.794415083154167923e-17,1.794415083154167923e-17,-7.308085412307619988e-01,-7.308085412307619988e-01,-7.516826035156599639e-01,-7.876584093588308022e-01
-6.963771223410720745e-01,-7.642367329224697414e-01,-7.642367329224697414e-01,-7.822265764981618519e-01,-7.875303518404582759e-01,-7.885452982266183408e-01,-7.885452982266183408e-01,-7.886637732358343644e-01,-7.886637732358343644e-01,-7.886637732358343644e-01,-7.886637732358343644e-01
-1.515255023425616798e-01,-1.515255023425616798e-01,-1.515255023425616798e-01,-1.926104970931154514e-01,-2.993674077849625692e-01,-4.010293774853500581e-01,-4.836598932154214103e-01,-6.526025498688050597e-01,-7.886710654429599510e-01,-7.886710654429599510e-01,-7.886710654429599510e-01
-1.701091736817570144e-01,-2.310823761162933976e-01,-2.762487869089366721e-01,-3.131786166987374775e-01,-6.472492767826600879e-01,-7.664318230152533662e-01,-7.864020262063474709e-01,-7.864020262063474709e-01,-7.864020262063474709e-01,-7.864020262063474709e-01,-7.864020262063474709e-01
1.957867671719585451e-02,-1.048085734502015587e-01,-1.048085734502015587e-01,-1.049633051009647849e-01,-1.051516475503435355e-01,-1.064631078371111594e-01,-1.064631078371111594e-01,-1.064631078371111594e-01,-6.930170710584372396e-01,-6.978217276060846297e-01,-6.978217276060846297e-01
-4.979496129122320397e-02,-6.472412283406281386e-02,-6.472412283406281386e-02,-6.989552920866815011e-02,-1.057075476426047739e-01,-1.057075476426047739e-01,-1.057075476426047739e-01,-1.057075476426047739e-01,-1.057075476426047739e-01,-1.067294889125217083e-01,-1.067294889125217083e-01
-9.985838610993796882e-02,-1.001647759155448181e-01,-1.001647759155448181e-01,-1.005332087148313180e-01,-1.034505428583260556e-01,-1.045552636507087046e-01,-6.492376663849516172e-01,-7.305366492709896020e-01,-7.305366492709896020e-01,-7.305366492709896020e-01,-7.879658574632361079e-01
-3.452328375228394530e-02,-3.662844147312024901e-02,-3.662844147312024901e-02,-3.662844147312024901e-02,-1.057075476426047739e-01,-1.057075476426047739e-01,-1.057075476426047739e-01,-1.057075476426047739e-01,-1.057075476426047739e-01,-1.067343295692576716e-01,-7.084276027352588434e-01
-3.579840069257756580e-02,-1.048085734502015587e-01,-1.048085734502015587e-01,-1.048085734502015587e-01,-1.050083821310533183e-01,-1.063598904437437487e-01,-1.063598904437437487e-01,-1.063598904437437487e-01,-1.063598904437437487e-01,-1.067047918487623870e-01,-6.121104536005204100e-01
