-1.397637586667491050e+00,-1.397637586667491050e+00,-1.397637586667491050e+00,-1.397637586667491050e+00,-1.599922249107008199e+00,-1.599922249107008199e+00,-1.599922249107008199e+00,-1.599922249107008199e+00,-1.599922249107008199e+00,-1.599922249107008199e+00,-1.599922249107008199e+00
-1.077572596663919136e+00,-1.077572596663919136e+00,-1.077572596663919136e+00,-1.363562079452158571e+00,-1.363562079452158571e+00,-1.601211898472941542e+00,-1.601211898472941542e+00,-1.601211898472941542e+00,-1.601211898472941542e+00,-1.601211898472941542e+00,-1.601211898472941542e+00
1.292827591886069882e-01,-6.532939836167206415e-01,-6.532939836167206415e-01,-1.331187122544958967e+00,-1.331187122544958967e+00,-1.590765421811723535e+00,-1.590765421811723535e+00,-1.590765421811723535e+00,-1.590765421811723535e+00,-1.590765421811723535e+00,-1.590765421811723535e+00
-1.031864778866293797e+00,-1.031864778866293797e+00,-1.031864778866293797e+00,-1.031864778866293797e+00,-1.542124555218844506e+00,-1.600594414279275846e+00,-1.600594414279275846e+00,-1.600594414279275846e+00,-1.600594414279275846e+00,-1.600594414279275846e+00,-1.600594414279275846e+00
-3.575664975580465921e-01,-6.688531355183173766e-01,-6.688531355183173766e-01,-1.582256508913324922e+00,-1.582256508913324922e+00,-1.582256508913324922e+00,-1.600355361783078578e+00,-1.600355361783078578e+00,-1.600355361783078578e+00,-1.600355361783078578e+00,-1.600355361783078578e+00
-1.380041700483981337e+00,-1.380041700483981337e+00,-1.581904324026701225e+00,-1.601113705613699700e+00,-1.601113705613699700e+00,-1.601113705613699700e+00,-1.601113705613699700e+00,-1.601113705613699700e+00,-1.601113705613699700e+00,-1.601113705613699700e+00,-1.601113705613699700e+00
1.685589456255822682e-01,-4.794487527807693716e-01,-4.794487527807693716e-01,-1.102906944907481090e+00,-1.271913024427499650e+00,-1.550348993547054022e+00,-1.573898393752803493e+00,-1.600111916373347043e+00,-1.600111916373347043e+00,-1.600111916373347043e+00,-1.600111916373347043e+00
-1.206802059169041819e+00,-1.206802059169041819e+00,-1.515405591025897003e+00,-1.515405591025897003e+00,-1.515405591025897003e+00,-1.598084083097234043e+00,-1.598084083097234043e+00,-1.598084083097234043e+00,-1.598084083097234043e+00,-1.598084083097234043e+00,-1.598084083097234043e+00
-1.511895733543829223e+00,-1.511895733543829223e+00,-1.600838876021213331e+00,-1.600838876021213331e+00,-1.600838876021213331e+00,-1.600838876021213331e+00,-1.600838876021213331e+00,-1.600838876021213331e+00,-1.600838876021213331e+00,-1.600838876021213331e+00,-1.600838876021213331e+00
-1.580544528121400560e+00,-1.580544528121400560e+00,-1.588658614553092541e+00,-1.588658614553092541e+00,-1.588658614553092541e+00,-1.588658614553092541e+00,-1.588658614553092541e+00,-1.588658614553092541e+00,-1.588658614553092541e+00,-1.588658614553092541e+00,-1.589627960022008679e+00
-6.710668644460966448e-01,-6.710668644460966448e-01,-6.710668644460966448e-01,-1.382748612488724937e+00,-1.599661743109280110e+00,-1.599661743109280110e+00,-1.599661743109280110e+00,-1.599661743109280110e+00,-1.599661743109280110e+00,-1.599661743109280110e+00,-1.599661743109280110e+00
-1.649261381712672225e-01,-6.684893094485504506e-01,-6.684893094485504506e-01,-6.684893094485504506e-01,-1.563821709340251331e+00,-1.583670978603683999e+00,-1.600718650104472118e+00,-1.600718650104472118e+00,-1.600718650104472118e+00,-1.600718650104472118e+00,-1.600718650104472118e+00
-1.300127739368518220e+00,-1.300127739368518220e+00,-1.300127739368518220e+00,-1.300127739368518220e+00,-1.300127739368518220e+00,-1.597363524523206735e+00,-1.597363524523206735e+00,-1.597363524523206735e+00,-1.597363524523206735e+00,-1.597363524523206735e+00,-1.597363524523206735e+00
-1.595691489291375831e+00,-1.595691489291375831e+00,-1.595691489291375831e+00,-1.595691489291375831e+00,-1.595691489291375831e+00,-1.595691489291375831e+00,-1.595691489291375831e+00,-1.595691489291375831e+00,-1.595691489291375831e+00,-1.595691489291375831e+00,-1.595691489291375831e+00
3.613089018761317384e-01,-6.684893094485504506e-01,-6.684893094485504506e-01,-1.189348436094755712e+00,-1.601067196399629466e+00,-1.601067196399629466e+00,-1.601067196399629466e+00,-1.601067196399629466e+00,-1.601067196399629466e+00,-1.601067196399629466e+00,-1.601067196399629466e+00
-1.190708748609409895e+00,-1.190708748609409895e+00,-1.190708748609409895e+00,-1.190708748609409895e+00,-1.190708748609409895e+00,-1.569640710364687664e+00,-1.579690395270340275e+00,-1.599834305185765082e+00,-1.599834305185765082e+00,-1.599834305185765082e+00,-1.599834305185765082e+00
-4.562716797698591620e-01,-6.684893094485504506e-01,-6.684893094485504506e-01,-6.684893094485504506e-01,-1.589285463547758681e+00,-1.589285463547758681e+00,-1.601257779969040840e+00,-1.601257779969040840e+00,-1.601257779969040840e+00,-1.601257779969040840e+00,-1.601257779969040840e+00
-1.266357922621451415e+00,-1.266357922621451415e+00,-1.266357922621451415e+00,-1.266357922621451415e+00,-1.489452573391599088e+00,-1.596440239419825602e+00,-1.596440239419825602e+00,-1.598356976070667734e+00,-1.598356976070667734e+00,-1.598356976070667734e+00,-1.598356976070667734e+00
-1.142175859007315886e+00,-1.142175859007315886e+00,-1.142175859007315886e+00,-1.598223794812916765e+00,-1.598223794812916765e+00,-1.598223794812916765e+00,-1.598223794812916765e+00,-1.598223794812916765e+00,-1.598223794812916765e+00,-1.598223794812916765e+00,-1.598223794812916765e+00
3.576047220159859208e-01,-6.684893094485504506e-01,-6.684893094485504506e-01,-1.166677535616566175e+00,-1.341847270403146553e+00,-1.577761234806248858e+00,-1.577761234806248858e+00,-1.599929280336267468e+00,-1.599929280336267468e+00,-1.599929280336267468e+00,-1.599929280336267468e+00
-1.505689973963328931e+00,-1.505689973963328931e+00,-1.505689973963328931e+00,-1.505689973963328931e+00,-1.505689973963328931e+00,-1.597173967563247921e+00,-1.597173967563247921e+00,-1.597173967563247921e+00,-1.597173967563247921e+00,-1.597173967563247921e+00,-1.597173967563247921e+00
-1.598205172934946461e+00,-1.598205172934946461e+00,-1.598205172934946461e+00,-1.598205172934946461e+00,-1.598205172934946461e+00,-1.598205172934946461e+00,-1.598978109593943486e+00,-1.598978109593943486e+00,-1.598978109593943486e+00,-1.598978109593943486e+00,-1.598978109593943486e+00
-1.280982792382041602e+00,-1.280982792382041602e+00,-1.280982792382041602e+00,-1.280982792382041602e+00,-1.280982792382041602e+00,-1.600800472522482032e+00,-1.600800472522482032e+00,-1.600800472522482032e+00,-1.600800472522482032e+00,-1.600800472522482032e+00,-1.600800472522482032e+00
-5.559480057907384420e-01,-5.559480057907384420e-01,-5.559480057907384420e-01,-5.559480057907384420e-01,-1.247456086878999670e+00,-1.564533746337970044e+00,-1.591772592005558984e+00,-1.591772592005558984e+00,-1.591772592005558984e+00,-1.591772592005558984e+00,-1.591772592005558984e+00
-1.588514837557777781e+00,-1.588514837557777781e+00,-1.588514837557777781e+00,-1.588514837557777781e+00,-1.588514837557777781e+00,-1.588514837557777781e+00,-1.601278547277508402e+00,-1.601278547277508402e+00,-1.601278547277508402e+00,-1.601278547277508402e+00,-1.601278547277508402e+00
