-2.779197873733333379e-01,-2.779197873733333379e-01,-2.779197873733333379e-01,-4.565633533425265678e-01,-1.130372444231046769e+00,-1.479339527781885044e+00,-1.488749243114423360e+00,-1.489071050058503376e+00,-1.489071050058503376e+00,-1.489071050058503376e+00,-1.489071050058503376e+00
-1.484918594137581760e+00,-1.484918594137581760e+00,-1.487355469717106971e+00,-1.488386127102198753e+00,-1.488386127102198753e+00,-1.488386127102198753e+00,-1.488386127102198753e+00,-1.488386127102198753e+00,-1.489070852396521927e+00,-1.489070852396521927e+00,-1.489072538689369507e+00
-1.239311103442180206e+00,-1.465561888771232057e+00,-1.465561888771232057e+00,-1.489054754773410094e+00,-1.489054754773410094e+00,-1.489054754773410094e+00,-1.489054754773410094e+00,-1.489071822792261690e+00,-1.489071822792261690e+00,-1.489071822792261690e+00,-1.489072532798607851e+00
-1.148652604376763753e+00,-1.148652604376763753e+00,-1.148652604376763753e+00,-1.426259279671950209e+00,-1.481573261498629446e+00,-1.488275860923474747e+00,-1.489070935821269925e+00,-1.489070935821269925e+00,-1.489070935821269925e+00,-1.489070935821269925e+00,-1.489070935821269925e+00
-1.468017839605873620e+00,-1.468017839605873620e+00,-1.468017839605873620e+00,-1.468017839605873620e+00,-1.485544870468184842e+00,-1.485544870468184842e+00,-1.488361574564152301e+00,-1.489012404054876670e+00,-1.489034974947265111e+00,-1.489034974947265111e+00,-1.489039120312689146e+00
-1.106250811576581672e+00,-1.312684008123361057e+00,-1.414985570900115786e+00,-1.463462351460021571e+00,-1.463462351460021571e+00,-1.487290949975709209e+00,-1.487290949975709209e+00,-1.487290949975709209e+00,-1.488820718028527557e+00,-1.488820718028527557e+00,-1.488994771914715187e+00
9.058300823840457691e-03,0.000000000000000000e+00,-1.149248905970387202e+00,-1.149248905970387202e+00,-1.149248905970387202e+00,-1.149983630325059680e+00,-1.149983630325059680e+00,-1.149983630325059680e+00,-1.149983630325059680e+00,-1.149983630325059680e+00,-1.149983630325059680e+00
-7.591887581151413045e-02,-7.591887581151413045e-02,-4.242762332419056093e-01,-4.242762332419056093e-01,-4.242762332419056093e-01,-4.612323553460900283e-01,-4.612323553460900283e-01,-1.460834683647053378e+00,-1.460834683647053378e+00,-1.489062903449120512e+00,-1.489062903449120512e+00
-3.913146475504647448e-01,-3.913146475504647448e-01,-4.574906344148352288e-01,-4.574906344148352288e-01,-5.804378118279152066e-01,-1.025690538016126530e+00,-1.133717008916627078e+00,-1.133717008916627078e+00,-1.133717008916627078e+00,-1.133717008916627078e+00,-1.484580208620171371e+00
-1.001271903341409919e+00,-1.001271903341409919e+00,-1.128954851239856616e+00,-1.149667635481834926e+00,-1.149667635481834926e+00,-1.149667635481834926e+00,-1.149667635481834926e+00,-1.149667635481834926e+00,-1.478570180549298785e+00,-1.478570180549298785e+00,-1.488939248924012970e+00
-1.212426587380636578e+00,-1.375547992390707241e+00,-1.456707563658337090e+00,-1.481513288331746114e+00,-1.481513288331746114e+00,-1.488958837861729556e+00,-1.488958837861729556e+00,-1.488958837861729556e+00,-1.489055974456503284e+00,-1.489055974456503284e+00,-1.489055974456503284e+00
-1.872048152911989227e-01,-4.989358900113535777e-01,-6.663691080137241762e-01,-8.157590250004959076e-01,-1.129763405153564326e+00,-1.129763405153564326e+00,-1.129763405153564326e+00,-1.129763405153564326e+00,-1.149713155975626400e+00,-1.149713155975626400e+00,-1.456612221952814590e+00
-1.318992615366756382e+00,-1.318992615366756382e+00,-1.318992615366756382e+00,-1.318992615366756382e+00,-1.435452645646917880e+00,-1.477621291197383169e+00,-1.487175462492466904e+00,-1.489032602392651672e+00,-1.489055347986398603e+00,-1.489055347986398603e+00,-1.489055347986398603e+00
-4.601725318554445443e-01,-4.601725318554445443e-01,-4.601725318554445443e-01,-4.601725318554445443e-01,-4.601725318554445443e-01,-1.092073725155778163e+00,-1.092073725155778163e+00,-1.150070455352019350e+00,-1.150070455352019350e+00,-1.150070455352019350e+00,-1.453539792304234135e+00
-8.274624838819485406e-01,-8.274624838819485406e-01,-1.050607567800294406e+00,-1.148562462143426943e+00,-1.148562462143426943e+00,-1.148562462143426943e+00,-1.148562462143426943e+00,-1.456856722454105801e+00,-1.484260921796273891e+00,-1.488706032007792945e+00,-1.489002299254391648e+00
-6.967688049990090893e-02,-6.967688049990090893e-02,-1.233888487385931265e-01,-1.233888487385931265e-01,-3.926673751325839290e-01,-3.926673751325839290e-01,-8.827638573359497531e-01,-8.827638573359497531e-01,-1.149272005345852277e+00,-1.149272005345852277e+00,-1.149272005345852277e+00
3.044273617765445167e-02,-4.316087864929701312e-01,-6.538568628408809591e-01,-7.933879298591192120e-01,-1.123655636426634796e+00,-1.123655636426634796e+00,-1.123655636426634796e+00,-1.123655636426634796e+00,-1.465563803675517640e+00,-1.485690049510936417e+00,-1.488997679416426800e+00
-9.163045956181400387e-01,-9.163045956181400387e-01,-9.163045956181400387e-01,-9.163045956181400387e-01,-1.144744636696235274e+00,-1.144744636696235274e+00,-1.144744636696235274e+00,-1.144744636696235274e+00,-1.144744636696235274e+00,-1.150166894344493373e+00,-1.150166894344493373e+00
-5.961303050418472749e-01,-5.961303050418472749e-01,-5.961303050418472749e-01,-5.961303050418472749e-01,-5.961303050418472749e-01,-1.065062549051723373e+00,-1.148936200701195176e+00,-1.148936200701195176e+00,-1.483591689255274737e+00,-1.488637715951880436e+00,-1.489072118336342454e+00
-6.182182148346797579e-01,-8.465194009280700982e-01,-9.964458583152651094e-01,-1.095712784448372057e+00,-1.147267825088689852e+00,-1.147267825088689852e+00,-1.147267825088689852e+00,-1.147267825088689852e+00,-1.147267825088689852e+00,-1.335988290974590820e+00,-1.335988290974590820e+00
-3.606913313964982826e-01,-3.606913313964982826e-01,-3.606913313964982826e-01,-3.606913313964982826e-01,-1.047180132769884198e+00,-1.047180132769884198e+00,-1.150020471119971965e+00,-1.150020471119971965e+00,-1.489072105994273532e+00,-1.489072105994273532e+00,-1.489072105994273532e+00
-4.525448964308952382e-01,-4.525448964308952382e-01,-4.525448964308952382e-01,-4.525448964308952382e-01,-4.525448964308952382e-01,-1.470913676924339164e+00,-1.489066871555023264e+00,-1.489066871555023264e+00,-1.489066871555023264e+00,-1.489066871555023264e+00,-1.489067312000637910e+00
-6.533381530244435353e-01,-1.151760698049790976e+00,-1.151760698049790976e+00,-1.487490989486005333e+00,-1.487490989486005333e+00,-1.487490989486005333e+00,-1.489012535324454323e+00,-1.489012535324454323e+00,-1.489012535324454323e+00,-1.489012535324454323e+00,-1.489012535324454323e+00
-1.326852617789792133e+00,-1.326852617789792133e+00,-1.436497262973207345e+00,-1.475000527699873665e+00,-1.475000527699873665e+00,-1.487867284750923780e+00,-1.487867284750923780e+00,-1.487867284750923780e+00,-1.488899324219399523e+00,-1.488899324219399523e+00,-1.489001613024852455e+00
-4.396897220679472085e-01,-4.396897220679472085e-01,-4.396897220679472085e-01,-1.149914281962955309e+00,-1.149914281962955309e+00,-1.149914281962955309e+00,-1.340402644813345701e+00,-1.487867296073990708e+00,-1.489063175182472776e+00,-1.489063175182472776e+00,-1.489063175182472776e+00
