4.413911649808346382e+00,4.413911649808346382e+00,3.224982231139311928e+00,3.094788461448811034e+00,3.094788461448811034e+00,3.094788461448811034e+00,2.681659860863699230e+00,2.681659860863699230e+00,2.681659860863699230e+00,8.764398099496222727e+00
1.999987176969431957e+01,1.999987176969431957e+01,1.999987176969431957e+01,8.781222261748768076e+00,8.792426256627265957e+00,2.332735118213046466e+00,8.629001987448232214e+00,8.629001987448232214e+00,8.629001987448232214e+00,2.390237708487197743e+00
1.295132489809635068e+01,1.295132489809635068e+01,1.295132489809635068e+01,1.305196715649306061e+00,1.305196715649306061e+00,1.305196715649306061e+00,4.160854310223922603e+00,4.160854310223922603e+00,4.160854310223922603e+00,1.613543295483894635e+00
1.999991494901664879e+01,1.999991494901664879e+01,8.493656377944093450e+00,5.098710275333650621e+00,5.098710275333650621e+00,5.098710275333650621e+00,7.873885941885935935e+00,7.873885941885935935e+00,7.873885941885935935e+00,2.015798964010152794e+00
5.810675682325432412e+00,5.810675682325432412e+00,2.980149319542357400e+00,6.410010400502996752e+00,3.360844625113483808e+00,3.360844625113483808e+00,1.069080686090989163e+00,1.069080686090989163e+00,1.069080686090989163e+00,2.265590615902184801e+00
1.999997105395689800e+01,1.999997105395689800e+01,1.999997105395689800e+01,1.999999983140502025e+01,1.999999983140502025e+01,1.999999983140502025e+01,1.999999972305769447e+01,1.582446404150657671e+01,1.582446404150657671e+01,1.302068758507514445e+01
4.890716774125420052e+00,1.304319343755477689e+01,1.304319343755477689e+01,2.929944945681119517e+00,2.929944945681119517e+00,2.929944945681119517e+00,4.794361252181697508e-01,4.794361252181697508e-01,4.794361252181697508e-01,3.084031125574481003e+00
1.419849211693927415e+00,1.419849211693927415e+00,1.419849211693927415e+00,2.359452480822419762e+00,2.359452480822419762e+00,2.359452480822419762e+00,2.398769657755450702e+00,2.398769657755450702e+00,2.398769657755450702e+00,1.746571274035418675e+00
1.394704453587397586e-01,1.394704453587397586e-01,1.394704453587397586e-01,1.964967982817999170e-01,2.169794696904816522e+00,2.169794696904816522e+00,3.321034340210531788e+00,3.321034340210531788e+00,3.321034340210531788e+00,1.452360152517013114e+00
1.969360401872352895e-01,1.969360401872352895e-01,1.969360401872352895e-01,1.944448938698807305e-01,2.836199764677129198e-01,2.836199764677129198e-01,2.795574137672261816e+00,2.795574137672261816e+00,2.795574137672261816e+00,1.703169262328489753e+00
1.235436145565545374e+01,1.235436145565545374e+01,5.808760802039127924e+00,1.694317078944077437e+01,1.694317078944077437e+01,1.694317078944077437e+01,3.551357909032018867e+00,3.551357909032018867e+00,3.551357909032018867e+00,1.857011752946442273e+00
1.999999630132512607e+01,1.999999630132512607e+01,1.999999630132512607e+01,1.543092739642505329e+01,1.543092739642505329e+01,8.838310639723282236e+00,1.133903420914232996e+01,1.133903420914232996e+01,1.133903420914232996e+01,3.683106251033339884e+00
4.189896713472305301e+00,4.189896713472305301e+00,4.189896713472305301e+00,5.302084008080389488e+00,5.715764115866813100e+00,5.715764115866813100e+00,1.207543249207508040e+01,1.207543249207508040e+01,1.207543249207508040e+01,2.630255410409120920e+00
1.999995846570533331e+01,1.999995846570533331e+01,1.999995846570533331e+01,2.069974159377212519e+00,2.069974159377212519e+00,2.069974159377212519e+00,2.009486334271318508e+00,2.009486334271318508e+00,2.009486334271318508e+00,1.529824674606024892e+00
1.999981079938140027e+01,1.999981079938140027e+01,1.999981079938140027e+01,1.109494993148189446e+00,1.109494993148189446e+00,1.109494993148189446e+00,3.864626843093533992e+00,3.864626843093533992e+00,3.864626843093533992e+00,2.513415698723922009e+00
6.645481600755754670e+00,6.645481600755754670e+00,6.645481600755754670e+00,6.748203268763842466e+00,6.946831957917023459e+00,6.946831957917023459e+00,4.047781924643823359e+00,4.047781924643823359e+00,4.047781924643823359e+00,2.725152047165999125e+00
6.100558597119264626e+00,7.967613878767845215e+00,7.967613878767845215e+00,8.612727859244115436e+00,4.254386419787904217e+00,4.254386419787904217e+00,4.231413388457061941e+00,4.231413388457061941e+00,4.231413388457061941e+00,3.315486472195661616e+00
2.147886267178232611e+00,2.147886267178232611e+00,2.147886267178232611e+00,1.951695086839540849e+00,1.951695086839540849e+00,1.951695086839540849e+00,1.999985050620451332e+01,1.999985050620451332e+01,4.579744025961449694e+00,2.989976360373288067e+00
2.429418611196773714e+00,2.429418611196773714e+00,2.429418611196773714e+00,7.975583467272256755e+00,2.389789858857857219e+00,2.389789858857857219e+00,1.905085139630587676e+00,1.905085139630587676e+00,1.905085139630587676e+00,7.084910322655053605e+00
1.999999406004620184e+01,1.999999406004620184e+01,1.999999406004620184e+01,1.999984022924311589e+01,1.999984022924311589e+01,1.999984022924311589e+01,1.461856275165237662e+01,9.408483976166191809e+00,9.408483976166191809e+00,8.826202813476466957e+00
2.486287533943087880e+00,2.486287533943087880e+00,2.486287533943087880e+00,3.968107860301525402e+00,3.968107860301525402e+00,3.968107860301525402e+00,1.589411761215032914e+00,1.589411761215032914e+00,1.589411761215032914e+00,1.518170732523367539e+00
1.867178413947485405e+00,1.867178413947485405e+00,1.867178413947485405e+00,5.086059374615231832e+00,5.086059374615231832e+00,5.086059374615231832e+00,2.822279068606605268e+00,2.822279068606605268e+00,2.822279068606605268e+00,2.284101079952303603e+00
1.999984883665531754e+01,1.999984883665531754e+01,1.999984883665531754e+01,1.999998939327763381e+01,1.999998939327763381e+01,1.999998939327763381e+01,1.999999854088665430e+01,1.125532886135464494e+01,1.125532886135464494e+01,9.534418747159786989e+00
2.000000000000000000e+01,2.000000000000000000e+01,7.996673955094293795e+00,1.999998065006116477e+01,1.999998065006116477e+01,1.999998065006116477e+01,1.999963221937276714e+01,1.115747059153297549e+01,1.115747059153297549e+01,9.444415356559106911e+00
2.012895199696099091e+00,2.012895199696099091e+00,2.012895199696099091e+00,1.999994314245609672e+01,1.999994314245609672e+01,1.999994314245609672e+01,2.578504366987616425e+00,2.578504366987616425e+00,2.578504366987616425e+00,2.000000000000000000e+01
