-2.779197873733333379e-01,-2.779197873733333379e-01,-2.815144663052925877e-01,-2.815144663052925877e-01,-2.861102177647580347e-01,-3.368996591127361717e-01,-4.422988395463708367e-01,-4.589604185993660934e-01,-4.589604185993660934e-01,-7.539955754568299362e-01,-7.539955754568299362e-01
-1.484918594137581760e+00,-1.484918594137581760e+00,-1.484918594137581760e+00,-1.484918594137581760e+00,-1.484918594137581760e+00,-1.484918594137581760e+00,-1.484918594137581760e+00,-1.488551734156213557e+00,-1.488551734156213557e+00,-1.488551734156213557e+00,-1.488551734156213557e+00
-1.239311103442180206e+00,-1.239311103442180206e+00,-1.239311103442180206e+00,-1.239311103442180206e+00,-1.357929047689801827e+00,-1.489010695796382011e+00,-1.489010695796382011e+00,-1.489010695796382011e+00,-1.489010695796382011e+00,-1.489010695796382011e+00,-1.489023414433276571e+00
-1.148652604376763753e+00,-1.148652604376763753e+00,-1.148652604376763753e+00,-1.148652604376763753e+00,-1.149047021330303897e+00,-1.149439087726243702e+00,-1.149439087726243702e+00,-1.150082508242893153e+00,-1.150082508242893153e+00,-1.150082508242893153e+00,-1.150082508242893153e+00
-1.468017839605873620e+00,-1.468017839605873620e+00,-1.468017839605873620e+00,-1.468017839605873620e+00,-1.468017839605873620e+00,-1.479848709168980925e+00,-1.479848709168980925e+00,-1.479848709168980925e+00,-1.479848709168980925e+00,-1.479848709168980925e+00,-1.489067284045970663e+00
-1.106250811576581672e+00,-1.106250811576581672e+00,-1.175030238663075322e+00,-1.227062115073584758e+00,-1.227062115073584758e+00,-1.422097112372765038e+00,-1.487252177128137953e+00,-1.487252177128137953e+00,-1.487252177128137953e+00,-1.487252177128137953e+00,-1.487252177128137953e+00
9.058300823840457691e-03,-3.990608203343031651e-02,-9.752797623824065176e-02,-9.752797623824065176e-02,-9.752797623824065176e-02,-9.752797623824065176e-02,-9.752797623824065176e-02,-4.427165361109968722e-01,-8.392688004274444502e-01,-1.149545977474633052e+00,-1.149545977474633052e+00
-7.591887581151413045e-02,-8.071452888674658654e-02,-8.687660659679605213e-02,-1.381174762390958710e-01,-1.381174762390958710e-01,-1.447110659310268943e-01,-2.573056329581910884e-01,-4.121026850087142201e-01,-4.121026850087142201e-01,-4.594123705440525951e-01,-4.594123705440525951e-01
-3.913146475504647448e-01,-3.935655994268703051e-01,-4.319974055191245221e-01,-4.361353830726984460e-01,-4.612853631360344653e-01,-4.612853631360344653e-01,-4.612853631360344653e-01,-4.612853631360344653e-01,-4.612853631360344653e-01,-4.612853631360344653e-01,-4.612853631360344653e-01
-1.001271903341409919e+00,-1.001271903341409919e+00,-1.001271903341409919e+00,-1.100850810718956962e+00,-1.149949324020898000e+00,-1.149949324020898000e+00,-1.149949324020898000e+00,-1.292880444310854582e+00,-1.292880444310854582e+00,-1.451700223066241913e+00,-1.451700223066241913e+00
-1.212426587380636578e+00,-1.212426587380636578e+00,-1.212426587380636578e+00,-1.218029279763523043e+00,-1.311744887713792274e+00,-1.487992790770317875e+00,-1.487992790770317875e+00,-1.487992790770317875e+00,-1.487992790770317875e+00,-1.487992790770317875e+00,-1.487992790770317875e+00
-1.872048152911989227e-01,-1.872048152911989227e-01,-3.045966701164124490e-01,-3.625209905205425964e-01,-5.492200311372255062e-01,-7.356493369171511754e-01,-8.873097163998675541e-01,-8.873097163998675541e-01,-1.150058461446991975e+00,-1.150058461446991975e+00,-1.150058461446991975e+00
-1.318992615366756382e+00,-1.397521967740191995e+00,-1.397521967740191995e+00,-1.488751282998214354e+00,-1.488751282998214354e+00,-1.488751282998214354e+00,-1.488751282998214354e+00,-1.488751282998214354e+00,-1.488751282998214354e+00,-1.488751282998214354e+00,-1.488751282998214354e+00
-4.601725318554445443e-01,-4.601725318554445443e-01,-4.601725318554445443e-01,-4.612787381602883041e-01,-4.612787381602883041e-01,-4.612787381602883041e-01,-4.612787381602883041e-01,-4.612787381602883041e-01,-4.612787381602883041e-01,-4.612787381602883041e-01,-4.612787381602883041e-01
-8.274624838819485406e-01,-8.335459850657255254e-01,-8.415083832598985181e-01,-9.022808920388355469e-01,-9.909157385214886204e-01,-1.136943388630650364e+00,-1.138292104916588832e+00,-1.138292104916588832e+00,-1.138292104916588832e+00,-1.138292104916588832e+00,-1.138292104916588832e+00
-6.967688049990090893e-02,-7.092468220501291221e-02,-7.092468220501291221e-02,-7.251904458304109236e-02,-8.601033581360542635e-02,-1.420740573027769460e-01,-1.420740573027769460e-01,-1.587419064306209715e-01,-1.102093032091902014e+00,-1.102093032091902014e+00,-1.102093032091902014e+00
3.044273617765445167e-02,-3.990608203343031651e-02,-9.752797623824065176e-02,-2.128730571162884000e-01,-4.778240190946128618e-01,-7.528176713587815261e-01,-9.539159652675103240e-01,-9.539159652675103240e-01,-9.539159652675103240e-01,-9.539159652675103240e-01,-1.150053242414363242e+00
-9.163045956181400387e-01,-9.163045956181400387e-01,-1.015202683822184149e+00,-1.019122438328305957e+00,-1.131425828244762899e+00,-1.131425828244762899e+00,-1.131425828244762899e+00,-1.149909538558082422e+00,-1.149909538558082422e+00,-1.149909538558082422e+00,-1.149909538558082422e+00
-5.961303050418472749e-01,-5.961303050418472749e-01,-5.961303050418472749e-01,-6.446233625195461059e-01,-9.044709088046347656e-01,-1.099585387770049882e+00,-1.099585387770049882e+00,-1.150142576748321543e+00,-1.150142576748321543e+00,-1.150142576748321543e+00,-1.150142576748321543e+00
-6.182182148346797579e-01,-6.889201159965806509e-01,-8.131195125834064230e-01,-8.131195125834064230e-01,-1.031071131442998556e+00,-1.140629790763554530e+00,-1.140629790763554530e+00,-1.140629790763554530e+00,-1.140629790763554530e+00,-1.140629790763554530e+00,-1.140629790763554530e+00
-3.606913313964982826e-01,-3.761513571871029082e-01,-3.761513571871029082e-01,-3.761513571871029082e-01,-3.791686425149235484e-01,-4.058399571399797234e-01,-4.602295463834351064e-01,-4.602295463834351064e-01,-4.602295463834351064e-01,-4.602295463834351064e-01,-7.987303097121203344e-01
-4.525448964308952382e-01,-4.604928119409159581e-01,-4.604928119409159581e-01,-4.608746608745539208e-01,-4.608746608745539208e-01,-4.610123635696410926e-01,-4.610123635696410926e-01,-4.610123635696410926e-01,-4.610123635696410926e-01,-4.610123635696410926e-01,-1.347457903010846225e+00
-6.533381530244435353e-01,-6.533381530244435353e-01,-6.533381530244435353e-01,-6.533381530244435353e-01,-1.249177211511945051e+00,-1.438891773035390287e+00,-1.489068109830932185e+00,-1.489068109830932185e+00,-1.489068109830932185e+00,-1.489068109830932185e+00,-1.489068109830932185e+00
-1.326852617789792133e+00,-1.397521967740191995e+00,-1.397521967740191995e+00,-1.397521967740191995e+00,-1.485608850516925150e+00,-1.485608850516925150e+00,-1.485608850516925150e+00,-1.485608850516925150e+00,-1.485608850516925150e+00,-1.485608850516925150e+00,-1.488936112198823158e+00
-4.396897220679472085e-01,-4.604928119409159581e-01,-4.604928119409159581e-01,-4.612780312103171854e-01,-4.612780312103171854e-01,-4.612780312103171854e-01,-4.612780312103171854e-01,-4.612780312103171854e-01,-4.612780312103171854e-01,-4.612780312103171854e-01,-4.612780312103171854e-01
