-2.779197873733333379e-01,-2.779197873733333379e-01,-2.779197873733333379e-01,-4.455684841428081411e-01,-4.581631865553438820e-01,-1.241288624394916607e+00,-1.241288624394916607e+00,-1.403271366575131074e+00,-1.489070722386573564e+00,-1.489070722386573564e+00,-1.489070722386573564e+00
-1.484918594137581760e+00,-1.484918594137581760e+00,-1.487641755200492355e+00,-1.487641755200492355e+00,-1.487641755200492355e+00,-1.487641755200492355e+00,-1.487641755200492355e+00,-1.487641755200492355e+00,-1.487641755200492355e+00,-1.487641755200492355e+00,-1.487641755200492355e+00
-1.239311103442180206e+00,-1.239311103442180206e+00,-1.239311103442180206e+00,-1.342618872826698562e+00,-1.342618872826698562e+00,-1.425950547739153862e+00,-1.472873535629217079e+00,-1.478446024523378144e+00,-1.489052260366618530e+00,-1.489052260366618530e+00,-1.489052260366618530e+00
-1.148652604376763753e+00,-1.148652604376763753e+00,-1.148652604376763753e+00,-1.148652604376763753e+00,-1.148652604376763753e+00,-1.486970738299911998e+00,-1.486970738299911998e+00,-1.486970738299911998e+00,-1.486970738299911998e+00,-1.486970738299911998e+00,-1.487878977980893858e+00
-1.468017839605873620e+00,-1.468017839605873620e+00,-1.468017839605873620e+00,-1.468017839605873620e+00,-1.489057142808283052e+00,-1.489057142808283052e+00,-1.489057142808283052e+00,-1.489057142808283052e+00,-1.489057142808283052e+00,-1.489057142808283052e+00,-1.489057142808283052e+00
-1.106250811576581672e+00,-1.106250811576581672e+00,-1.148536585938481736e+00,-1.182402719907628796e+00,-1.432583802434062248e+00,-1.488716123531841795e+00,-1.488716123531841795e+00,-1.488716123531841795e+00,-1.488716123531841795e+00,-1.488716123531841795e+00,-1.488716123531841795e+00
9.058300823840457691e-03,0.000000000000000000e+00,-7.220321866896037832e-01,-7.220321866896037832e-01,-8.545744934099296364e-01,-9.543533302575362143e-01,-1.028407415352772913e+00,-1.133712284343018073e+00,-1.133712284343018073e+00,-1.133712284343018073e+00,-1.133712284343018073e+00
-7.591887581151413045e-02,-2.421679477914009393e-01,-3.830031723416121858e-01,-4.547747111645084050e-01,-4.547747111645084050e-01,-1.295940823221966021e+00,-1.454838561844398859e+00,-1.454838561844398859e+00,-1.488999043094860086e+00,-1.488999043094860086e+00,-1.488999043094860086e+00
-3.913146475504647448e-01,-3.935655994268703051e-01,-4.319974055191245221e-01,-4.361353830726984460e-01,-4.612853631360344653e-01,-4.612853631360344653e-01,-4.612853631360344653e-01,-4.612853631360344653e-01,-4.612853631360344653e-01,-4.612853631360344653e-01,-4.612853631360344653e-01
-1.001271903341409919e+00,-1.001271903341409919e+00,-1.001271903341409919e+00,-1.149121374136391482e+00,-1.149121374136391482e+00,-1.149121374136391482e+00,-1.149121374136391482e+00,-1.149121374136391482e+00,-1.149121374136391482e+00,-1.168680773458466771e+00,-1.168680773458466771e+00
-1.212426587380636578e+00,-1.212426587380636578e+00,-1.212426587380636578e+00,-1.218029279763523043e+00,-1.311652892022398209e+00,-1.488478219364124611e+00,-1.488478219364124611e+00,-1.488478219364124611e+00,-1.488478219364124611e+00,-1.488478219364124611e+00,-1.488478219364124611e+00
-1.872048152911989227e-01,-1.872048152911989227e-01,-3.045966701164124490e-01,-3.625209905205425964e-01,-5.492200311372255062e-01,-7.356493369171511754e-01,-8.873097163998675541e-01,-8.873097163998675541e-01,-1.149526370925027408e+00,-1.149526370925027408e+00,-1.149526370925027408e+00
-1.318992615366756382e+00,-1.329152116275136519e+00,-1.329152116275136519e+00,-1.329152116275136519e+00,-1.486550369262939819e+00,-1.486550369262939819e+00,-1.486550369262939819e+00,-1.486550369262939819e+00,-1.486550369262939819e+00,-1.486550369262939819e+00,-1.486550369262939819e+00
-4.601725318554445443e-01,-4.601725318554445443e-01,-4.601725318554445443e-01,-4.601725318554445443e-01,-4.601725318554445443e-01,-4.601725318554445443e-01,-1.098223606368301519e+00,-1.444284068289802603e+00,-1.444284068289802603e+00,-1.485837771293180287e+00,-1.485837771293180287e+00
-8.274624838819485406e-01,-8.419376407229862691e-01,-8.637018371831164387e-01,-8.821777183079745344e-01,-1.107534684210953246e+00,-1.149766022962939171e+00,-1.149766022962939171e+00,-1.149766022962939171e+00,-1.149766022962939171e+00,-1.149766022962939171e+00,-1.149766022962939171e+00
-6.967688049990090893e-02,-7.092468220501291221e-02,-7.092468220501291221e-02,-7.251904458304109236e-02,-8.601033581360542635e-02,-1.964118750261134860e-01,-1.964118750261134860e-01,-6.166297836035772306e-01,-7.924090715452780653e-01,-9.550342825210536013e-01,-9.550342825210536013e-01
3.044273617765445167e-02,-3.990608203343031651e-02,-9.752797623824065176e-02,-3.908907329233162198e-01,-9.648701211844975534e-01,-1.146310534833551165e+00,-1.146310534833551165e+00,-1.146310534833551165e+00,-1.146310534833551165e+00,-1.486546281683184034e+00,-1.486546281683184034e+00
-9.163045956181400387e-01,-9.274301556998301166e-01,-9.480496281076804532e-01,-1.030690466876412303e+00,-1.092006724872481183e+00,-1.150078513314247930e+00,-1.150078513314247930e+00,-1.150078513314247930e+00,-1.150078513314247930e+00,-1.150078513314247930e+00,-1.487630062892642879e+00
-5.961303050418472749e-01,-5.961303050418472749e-01,-5.961303050418472749e-01,-5.961303050418472749e-01,-5.961303050418472749e-01,-7.130729827537671817e-01,-8.038435050673157223e-01,-1.138130831012209576e+00,-1.146744361033092519e+00,-1.146744361033092519e+00,-1.146744361033092519e+00
-6.182182148346797579e-01,-9.684180388097605174e-01,-1.084935037217897191e+00,-1.143516161184533031e+00,-1.145370219034062886e+00,-1.145370219034062886e+00,-1.145370219034062886e+00,-1.145370219034062886e+00,-1.145370219034062886e+00,-1.145370219034062886e+00,-1.145370219034062886e+00
-3.606913313964982826e-01,-4.566622507324232805e-01,-4.566622507324232805e-01,-4.566622507324232805e-01,-8.016417976756979868e-01,-1.318759214406858948e+00,-1.452317192596520368e+00,-1.489054635806276838e+00,-1.489054635806276838e+00,-1.489054635806276838e+00,-1.489068869224398073e+00
-4.525448964308952382e-01,-4.525448964308952382e-01,-4.525448964308952382e-01,-4.525448964308952382e-01,-1.012078774603365705e+00,-1.330565308630381693e+00,-1.353157296830310496e+00,-1.488594038451569013e+00,-1.488594038451569013e+00,-1.488594038451569013e+00,-1.488594038451569013e+00
-6.533381530244435353e-01,-1.333078726956385740e+00,-1.333078726956385740e+00,-1.333078726956385740e+00,-1.333078726956385740e+00,-1.333078726956385740e+00,-1.337455812708233438e+00,-1.482489149537123740e+00,-1.488285005405848738e+00,-1.488285005405848738e+00,-1.488285005405848738e+00
-1.326852617789792133e+00,-1.397521967740191995e+00,-1.418616467386339286e+00,-1.474988482462096240e+00,-1.474988482462096240e+00,-1.474988482462096240e+00,-1.474988482462096240e+00,-1.474988482462096240e+00,-1.474988482462096240e+00,-1.474988482462096240e+00,-1.474988482462096240e+00
-4.396897220679472085e-01,-4.605653238402327432e-01,-4.605653238402327432e-01,-4.605653238402327432e-01,-4.605653238402327432e-01,-1.235106820069871381e+00,-1.235106820069871381e+00,-1.474625183888021995e+00,-1.474625183888021995e+00,-1.489002459820210067e+00,-1.489002459820210067e+00
