2.179660658207224488e-01,8.917886857483783847e-02,4.195242126827000012e-02,-2.292231969206168229e-02,-3.431595889074493672e-02,-3.431595889074493672e-02,-3.431595889074493672e-02,-3.487408959306853573e-02,-3.487408959306853573e-02,-3.487408959306853573e-02,-3.510393686508286870e-02
1.656143249478706251e-03,1.070461658151718220e-03,1.070461658151718220e-03,-1.553477128520330602e-04,-2.887005173712456352e-02,-3.485058898480340034e-02,-3.485058898480340034e-02,-3.485058898480340034e-02,-3.485058898480340034e-02,-3.485058898480340034e-02,-3.541453682191617047e-02
-1.997576812961009141e-02,-1.997576812961009141e-02,-1.997576812961009141e-02,-1.997576812961009141e-02,-2.800618947963719879e-02,-2.800618947963719879e-02,-3.454179941353312938e-02,-3.469736999422844831e-02,-3.469736999422844831e-02,-3.469736999422844831e-02,-3.545755910362171498e-02
-3.138774239386004500e-02,-3.138774239386004500e-02,-3.385010836788614891e-02,-3.385010836788614891e-02,-3.385010836788614891e-02,-3.385010836788614891e-02,-3.552826946189775043e-02,-3.552826946189775043e-02,-3.552826946189775043e-02,-3.552826946189775043e-02,-3.552826946189775043e-02
1.330739548039909168e-02,1.330739548039909168e-02,-3.007364561171437314e-02,-3.007364561171437314e-02,-3.552444142147385270e-02,-3.552444142147385270e-02,-3.552444142147385270e-02,-3.552444142147385270e-02,-3.552444142147385270e-02,-3.552444142147385270e-02,-3.552444142147385270e-02
-3.551203792757506861e-02,-3.551203792757506861e-02,-3.551203792757506861e-02,-3.551203792757506861e-02,-3.551203792757506861e-02,-3.551203792757506861e-02,-3.551203792757506861e-02,-3.553067497382888379e-02,-3.553067497382888379e-02,-3.553067497382888379e-02,-3.553067497382888379e-02
2.480147143026190104e-02,-1.246459358839014341e-02,-1.246459358839014341e-02,-1.246459358839014341e-02,-3.112980246313218347e-02,-3.535464927361163523e-02,-3.535464927361163523e-02,-3.535464927361163523e-02,-3.535464927361163523e-02,-3.535464927361163523e-02,-3.535464927361163523e-02
2.048122075334029846e-01,2.048122075334029846e-01,1.186005197464115868e-01,9.265266468598938598e-03,-2.517528466721270439e-02,-2.661135172584851161e-02,-3.552978785807848344e-02,-3.552978785807848344e-02,-3.552978785807848344e-02,-3.552978785807848344e-02,-3.552978785807848344e-02
2.603246069025292098e+00,2.603246069025292098e+00,2.463425905831876594e+00,2.358250740753842667e+00,-1.465385377505275342e-03,-1.465385377505275342e-03,-2.513245598480152998e-02,-3.264169375956462588e-02,-3.264169375956462588e-02,-3.264169375956462588e-02,-3.541128128863438307e-02
2.273487554137448630e+00,2.157098815304240080e+00,2.157098815304240080e+00,2.157098815304240080e+00,-2.931947185086536053e-02,-2.931947185086536053e-02,-3.178574978014974545e-02,-3.543834663262057649e-02,-3.543834663262057649e-02,-3.543834663262057649e-02,-3.543834663262057649e-02
-2.112195059074999798e-02,-2.112195059074999798e-02,-2.740328713109765196e-02,-3.282608896963777612e-02,-3.282608896963777612e-02,-3.282608896963777612e-02,-3.485774869624466005e-02,-3.485774869624466005e-02,-3.485774869624466005e-02,-3.485774869624466005e-02,-3.550137803453122520e-02
-3.213913682293085411e-02,-3.213913682293085411e-02,-3.213913682293085411e-02,-3.213913682293085411e-02,-3.213913682293085411e-02,-3.298957222313787102e-02,-3.535680244648992804e-02,-3.535680244648992804e-02,-3.535680244648992804e-02,-3.535680244648992804e-02,-3.535680244648992804e-02
2.906328767633971702e-02,2.247092958931411200e-02,2.247092958931411200e-02,2.247092958931411200e-02,-2.991996737451034158e-02,-3.145947159015793915e-02,-3.145947159015793915e-02,-3.145947159015793915e-02,-3.145947159015793915e-02,-3.507403530022765864e-02,-3.507403530022765864e-02
1.629950809413216739e-01,1.629950809413216739e-01,1.217609535970818890e-01,1.217609535970818890e-01,1.840992215110062724e-02,-3.405081925548574667e-02,-3.405081925548574667e-02,-3.405081925548574667e-02,-3.552868719674489445e-02,-3.552868719674489445e-02,-3.553289861322716375e-02
-3.290685918386242886e-02,-3.290685918386242886e-02,-3.290685918386242886e-02,-3.290685918386242886e-02,-3.290685918386242886e-02,-3.290685918386242886e-02,-3.290685918386242886e-02,-3.481010665672827631e-02,-3.481010665672827631e-02,-3.481010665672827631e-02,-3.550750897104180265e-02
1.248711649596833707e-02,8.783551354852215873e-03,3.580109626904158949e-03,5.606694037797687030e-04,-3.337543286075859289e-02,-3.337543286075859289e-02,-3.337543286075859289e-02,-3.337543286075859289e-02,-3.337543286075859289e-02,-3.337543286075859289e-02,-3.550765192164793971e-02
2.266252538358301538e-02,-2.278173398956127166e-02,-2.278173398956127166e-02,-2.278173398956127166e-02,-2.971020169100631325e-02,-3.519722762647093522e-02,-3.519722762647093522e-02,-3.519722762647093522e-02,-3.546226594580215857e-02,-3.546226594580215857e-02,-3.546226594580215857e-02
1.397119277247740043e-01,1.397119277247740043e-01,2.011104806031247319e-02,2.011104806031247319e-02,-1.743415648479678184e-02,-3.539936816616357645e-02,-3.539936816616357645e-02,-3.539936816616357645e-02,-3.553251541723906337e-02,-3.553251541723906337e-02,-3.553251541723906337e-02
1.789694169763304255e-01,7.559088900985484749e-02,8.449150360147688471e-03,-1.484421505693270986e-03,-3.320901411009920257e-02,-3.543371996028337606e-02,-3.543371996028337606e-02,-3.545335467061810908e-02,-3.545942728501709496e-02,-3.545942728501709496e-02,-3.545942728501709496e-02
-3.527328506629433952e-02,-3.527328506629433952e-02,-3.527328506629433952e-02,-3.527328506629433952e-02,-3.527328506629433952e-02,-3.527328506629433952e-02,-3.539625478576908374e-02,-3.552234396380606063e-02,-3.552234396380606063e-02,-3.552234396380606063e-02,-3.552234396380606063e-02
1.652800181863596785e-01,1.652800181863596785e-01,7.261091652743500990e-02,-1.766255509138595775e-02,-3.413935294843326029e-02,-3.413935294843326029e-02,-3.413935294843326029e-02,-3.413935294843326029e-02,-3.552492690731060693e-02,-3.552492690731060693e-02,-3.552492690731060693e-02
2.250581500840803939e-01,1.282696905878621674e-01,7.061678428202060320e-02,-2.826016046581195096e-02,-3.205170245437002907e-02,-3.205170245437002907e-02,-3.399016971608289500e-02,-3.549282747960762902e-02,-3.553251541723906337e-02,-3.553251541723906337e-02,-3.553390557966795704e-02
-3.410116944967877400e-02,-3.410116944967877400e-02,-3.410116944967877400e-02,-3.551660870272436987e-02,-3.551660870272436987e-02,-3.551660870272436987e-02,-3.551660870272436987e-02,-3.553067497382888379e-02,-3.553067497382888379e-02,-3.553067497382888379e-02,-3.553067497382888379e-02
-2.003655468586390195e-02,-2.003655468586390195e-02,-3.551236127321931446e-02,-3.551236127321931446e-02,-3.551236127321931446e-02,-3.551236127321931446e-02,-3.551236127321931446e-02,-3.553067497382888379e-02,-3.553067497382888379e-02,-3.553067497382888379e-02,-3.553067497382888379e-02
2.088130728730454577e-01,1.119777668146417354e-01,5.353749800747451687e-02,-3.470178640551171284e-02,-3.470178640551171284e-02,-3.470178640551171284e-02,-3.470178640551171284e-02,-3.553200422083167137e-02,-3.553200422083167137e-02,-3.553200422083167137e-02,-3.553200422083167137e-02
