2.000000000000000000e+01,2.000000000000000000e+01,6.627709055135485805e+00,4.721817450165754160e+00,2.427142792089639567e+00,1.477085434853679269e+00,9.270419895137912425e-01,9.270419895137912425e-01,9.270419895137912425e-01,2.000000000000000000e+01
1.999994953125377961e+01,1.999994953125377961e+01,1.999994953125377961e+01,8.553486982118405635e+00,8.553486982118405635e+00,8.553486982118405635e+00,3.738838962645362862e+00,3.738838962645362862e+00,3.738838962645362862e+00,2.156375033750144610e+00
1.999999999996800071e+01,1.999999999996800071e+01,1.999999999996800071e+01,6.668137963198985177e-04,6.668137963198985177e-04,6.668137963198985177e-04,2.550057477572472558e-02,2.550057477572472558e-02,2.550057477572472558e-02,4.155378899494357840e-03
1.999999999999999645e+01,1.999999999999999645e+01,1.999999999999999645e+01,1.999998890918427819e+01,1.071628389923923486e+01,6.130043753771984960e+00,5.918018013644860353e+00,5.918018013644860353e+00,5.918018013644860353e+00,5.532221045301995765e+00
1.999993445170511563e+01,1.999993445170511563e+01,1.999993445170511563e+01,1.999989666494099794e+01,1.999989666494099794e+01,6.185986519405453077e-01,1.768493118554081145e-01,1.768493118554081145e-01,1.768493118554081145e-01,7.780688084551939943e-02
2.000000000000000000e+01,2.000000000000000000e+01,2.000000000000000000e+01,7.302533188832535105e-01,7.302533188832535105e-01,7.302533188832535105e-01,1.414473002295369986e+00,1.414473002295369986e+00,1.414473002295369986e+00,2.885937030821137950e-01
1.999993162588122786e+01,2.000000000000000000e+01,2.238831353864722748e-02,2.000000000000000000e+01,2.000000000000000000e+01,2.000000000000000000e+01,4.421355631696435307e-01,4.421355631696435307e-01,6.863622799682227160e-02,7.518393617945016982e-02
2.000000000000000000e+01,1.999999744110479938e+01,4.096026618557785604e+00,2.000000000000000000e+01,2.000000000000000000e+01,3.416013959425549640e+00,2.122611665202243536e+00,1.946362036478170410e+00,1.946362036478170410e+00,8.984266452047856566e-01
1.999999999999922906e+01,9.769136480700408853e+00,2.000000000000000000e+01,1.486470649816321155e+00,1.486470649816321155e+00,1.486470649816321155e+00,9.151295084970872962e-01,9.151295084970872962e-01,9.151295084970872962e-01,8.259807151324081165e-01
1.999999951374803331e+01,1.999999951374803331e+01,1.999999951374803331e+01,6.547321802372418550e-03,6.547321802372418550e-03,6.547321802372418550e-03,8.070475663530136956e-02,8.070475663530136956e-02,8.070475663530136956e-02,1.640149870200676152e-01
2.000000000000000000e+01,2.000000000000000000e+01,2.000000000000000000e+01,1.966038859602262656e+00,6.857449937438230281e-01,6.857449937438230281e-01,9.385213784567152384e-01,9.385213784567152384e-01,9.385213784567152384e-01,5.253454265239596577e-01
2.000000000000000000e+01,2.000000000000000000e+01,2.000000000000000000e+01,8.787181752793475631e-02,8.787181752793475631e-02,8.787181752793475631e-02,3.093986550288135851e-01,3.093986550288135851e-01,3.093986550288135851e-01,2.223699388148938916e-01
2.000000000000000000e+01,4.487417464664607974e-02,4.487417464664607974e-02,1.999996524278701315e+01,1.999996524278701315e+01,1.999996524278701315e+01,9.096028840281882299e-01,9.096028840281882299e-01,9.096028840281882299e-01,2.512234192579121395e-01
2.000000000000000000e+01,2.000000000000000000e+01,2.000000000000000000e+01,2.000000000000000000e+01,2.000000000000000000e+01,2.000000000000000000e+01,6.363441253510955242e+00,6.363441253510955242e+00,6.363441253510955242e+00,3.519781255965834355e+00
2.000000000000000000e+01,6.505239782612347810e+00,1.595633332943531046e+00,9.689720185286897491e-01,5.780612760019219198e-01,5.780612760019219198e-01,1.999999967654461841e+01,1.999999967654461841e+01,1.999999967654461841e+01,7.235216197625996548e-01
1.999999998311388083e+01,1.999999999999992539e+01,1.999999999999992539e+01,4.046745228594908816e+00,2.037516678661947189e+00,1.600936945502957842e+00,1.194503544087465619e+00,1.194503544087465619e+00,5.089369709467063130e-01,2.230774069276594551e-01
2.000000000000000000e+01,2.000000000000000000e+01,2.000000000000000000e+01,3.328537957498477473e-01,3.328537957498477473e-01,2.146803201580944065e-01,1.999999998876530327e+01,1.999999998876530327e+01,1.999999998876530327e+01,2.639549763067130517e-01
1.999999999978672705e+01,1.999999999978672705e+01,1.999987957511039127e+01,2.086574816525207599e+00,2.530778585699405614e+00,2.530778585699405614e+00,6.548424040597197182e-01,6.548424040597197182e-01,6.548424040597197182e-01,4.296208012675101773e-01
2.000000000000000000e+01,2.000000000000000000e+01,2.000000000000000000e+01,7.792082410839584750e-01,7.792082410839584750e-01,7.946155864019460724e-01,2.539517862532744696e-01,2.539517862532744696e-01,2.539517862532744696e-01,2.328128522869612471e-01
2.000000000000000000e+01,2.000000000000000000e+01,1.999991375965869267e+01,4.954364342342509331e-01,4.954364342342509331e-01,4.469464155728430921e-01,1.648976031216349558e-01,1.648976031216349558e-01,1.648976031216349558e-01,1.608561466567229870e-01
2.000000000000000000e+01,2.000000000000000000e+01,2.000000000000000000e+01,9.426450958556346293e+00,4.345323999487593625e+00,2.473652899505132119e+00,2.243342738892280419e+00,2.243342738892280419e+00,2.243342738892280419e+00,8.579384441497029945e-01
1.999999997262883511e+01,1.999998258034564103e+01,1.999998258034564103e+01,2.000000000000000000e+01,2.000000000000000000e+01,8.822863890209818649e+00,5.544008585169079240e+00,5.544008585169079240e+00,5.544008585169079240e+00,3.320825593321048430e+00
1.999999809229412762e+01,1.999999809229412762e+01,1.999999809229412762e+01,1.287052655506963905e-01,2.431048148336836107e-02,2.431048148336836107e-02,4.596603358327023409e-02,4.596603358327023409e-02,4.596603358327023409e-02,6.641201609944091810e-02
1.999994843520407528e+01,2.000000000000000000e+01,2.000000000000000000e+01,1.704597750572287018e-02,1.704597750572287018e-02,1.704597750572287018e-02,2.642078300055423611e-03,2.642078300055423611e-03,2.642078300055423611e-03,1.052070163399934427e-03
2.000000000000000000e+01,1.999999729358891187e+01,1.999999729358891187e+01,2.000000000000000000e+01,2.000000000000000000e+01,2.000000000000000000e+01,1.999999999896798641e+01,1.999999999896798641e+01,1.999999999896798641e+01,7.572368918567613960e+00
