-1.062163591529932116e-01,-1.062163591529932116e-01,-1.062163591529932116e-01,-1.076579343157952340e-01,-1.076579343157952340e-01,-1.076579343157952340e-01,-1.156576595930763340e-01,-1.156576595930763340e-01,-6.930171690638713411e-01,-8.556563862544792620e-01
-1.476690873387778435e-01,-1.476690873387778435e-01,-2.801723007514492769e-01,-4.395928066753049257e-01,-4.395928066753049257e-01,-4.395928066753049257e-01,-4.975837413542826271e-01,-4.975837413542826271e-01,-4.975837413542826271e-01,-1.274448599655439107e+00
-8.138226687336098941e-02,-2.199818437882296696e+00,-2.199818437882296696e+00,-4.715525813964826507e-01,-4.715525813964826507e-01,-4.715525813964826507e-01,-5.499082162799151519e-01,-5.499082162799151519e-01,-5.499082162799151519e-01,-6.214794945325700093e-01
-7.519086580224599858e-01,-7.519086580224599858e-01,-7.519086580224599858e-01,-2.459099197215219945e+01,-2.459099197215219945e+01,-2.459099197215219945e+01,-1.397411234155247595e+00,-1.397411234155247595e+00,-1.397411234155247595e+00,-1.268513221641438093e+00
-6.233483207952868199e-02,-6.233483207952868199e-02,-1.316644576786785703e-01,-1.904991193796931603e-01,-4.725259460954918111e-01,-4.725259460954918111e-01,-4.607193055885730471e-01,-4.607193055885730471e-01,-4.607193055885730471e-01,-5.117485939864208078e-01
-2.822237194862683984e-02,-2.822237194862683984e-02,-3.013672736123211918e-02,-3.840066004317246873e-02,-4.343147990097923072e-02,-4.343147990097923072e-02,-3.869212841542335468e-02,-3.869212841542335468e-02,-3.869212841542335468e-02,-4.405430454482945485e-02
-1.784565974104010966e-01,-1.784565974104010966e-01,-1.784565974104010966e-01,-1.784565871872611509e-01,-3.663202287963125414e-01,-3.663202287963125414e-01,-5.115109219903473114e-01,-5.115109219903473114e-01,-5.115109219903473114e-01,-5.480028913793730805e-01
-9.347529837112235340e-02,-9.394578607567123651e-02,-9.683757650738750167e-02,-9.904247952860777138e-02,-1.064991123003645179e-01,-1.067148091764833218e-01,-1.083204185698809358e-01,-1.083204185698809358e-01,-1.083204185698809358e-01,-1.139158562765747729e-01
-1.034442153904118755e-01,-1.034442153904118755e-01,-1.034442153904118755e-01,-1.209696841617093760e-01,-1.209696841617093760e-01,-1.209696841617093760e-01,-1.120266274196250744e-01,-1.120266274196250744e-01,-2.026618771262733709e-01,-7.210535343722113133e-01
-7.449685424638574638e-01,-7.449685424638574638e-01,-7.449685424638574638e-01,-4.869380852816098226e+00,-4.869380852816098226e+00,-4.869380852816098226e+00,-4.973635824218833790e+01,-4.973635824218833790e+01,-4.973635824218833790e+01,-1.414841221979280874e+02
-2.849727425043734885e-01,-2.849727425043734885e-01,-2.849727425043734885e-01,-1.906381196975067249e+00,-1.906381196975067249e+00,-1.906381196975067249e+00,-9.834447018935133400e+00,-9.834447018935133400e+00,-9.834447018935133400e+00,-1.976719947986532588e+01
2.956074303667301575e-02,-1.048086298024827195e-01,-1.048086298024827195e-01,-1.124992983900084259e-01,-1.124992983900084259e-01,-1.124992983900084259e-01,-1.207811497033215026e-01,-5.295245344650253427e-01,-5.295245344650253427e-01,-6.739180180955174349e-01
-1.012645983796430504e-01,-1.015823781258823749e-01,-1.015823781258823749e-01,-1.035238247646312892e-01,-1.089025447621133208e-01,-1.089025447621133208e-01,-1.047966185566313879e-01,-1.047966185566313879e-01,-1.047966185566313879e-01,-1.160680587985424422e-01
-7.663637830822210562e-02,-7.740832567168805245e-02,-8.774295360522954557e-02,-1.054712164061174240e-01,-1.151325949826893236e-01,-1.151325949826893236e-01,-1.824317053070703132e-01,-7.333053332617446296e-01,-7.333053332617446296e-01,-1.252750872898443557e+00
-3.579705610369571800e-01,-6.322950608596402677e-01,-6.322950608596402677e-01,-2.411211463895109652e+00,-2.411211463895109652e+00,-2.411211463895109652e+00,-1.486870032696700594e+00,-1.486870032696700594e+00,-1.486870032696700594e+00,-1.426749277345907840e+00
-3.210964334489438410e-02,-2.776321572279019656e-01,-2.822569971703620118e-01,-2.822571279822689849e-01,-2.822571279822689849e-01,-2.822571279822689849e-01,-4.326243233652344866e-01,-4.326243233652344866e-01,-4.326243233652344866e-01,-5.735491278123396874e-01
6.301128236315865772e-02,-5.464002018224753399e-02,-5.464002018224753399e-02,-1.040857611513926236e-07,-1.040857611513926236e-07,-2.763486147469385035e-01,-3.126001507678229929e-01,-3.126001507678229929e-01,-3.126001507678229929e-01,-1.508906612442917794e+00
-6.963774167131315807e-01,-7.003652665090809304e-01,-7.298713527384571575e-01,-8.132939476925046263e-01,-8.132939476925046263e-01,-8.132939476925046263e-01,-8.507734366701438233e-01,-8.507734366701438233e-01,-8.507734366701438233e-01,-9.265197171676134991e-01
-1.515256181920911771e-01,-1.515256181920911771e-01,-1.515256181920911771e-01,-6.329158687079362577e-01,-6.329158687079362577e-01,-6.329158687079362577e-01,-1.519740698685867697e+00,-1.519740698685867697e+00,-1.519740698685867697e+00,-1.561068909929599791e+00
-1.701092468113505063e-01,-5.354253386730593034e-01,-5.354253386730593034e-01,-1.324697257373541159e+00,-1.324697257373541159e+00,-1.324697257373541159e+00,-1.458811152965844737e+00,-1.458811152965844737e+00,-1.458811152965844737e+00,-1.443407386985315455e+00
1.957860178007972060e-02,-1.048086483873176822e-01,-1.048086483873176822e-01,-1.050237592255540836e-01,-1.062939878458764864e-01,-1.079472384680039837e-01,-1.084562848011308006e-01,-1.084562848011308006e-01,-1.057085190738004332e+00,-7.027587630420968345e-01
-4.979498288920573834e-02,-6.472414443204560497e-02,-6.472414443204560497e-02,-6.989560942198143334e-02,-1.382308379513320085e-01,-1.382308379513320085e-01,-1.739774241175107705e-01,-1.739774241175107705e-01,-1.739774241175107705e-01,-2.211073552813073995e-01
-9.985849140310600058e-02,-1.001986779935056804e-01,-1.001986779935056804e-01,-1.024094766034240322e-01,-1.099303383262637684e-01,-1.099303383262637684e-01,-6.492378890259798974e-01,-9.831145977771189592e-01,-9.831145977771189592e-01,-1.508912704470657840e+00
-3.452336241155577745e-02,-3.662852013239208115e-02,-3.662852013239208115e-02,-3.662851084580163313e-02,-1.400743399208110584e-01,-1.400743399208110584e-01,-2.522956961458689973e-01,-2.522956961458689973e-01,-2.522956961458689973e-01,-2.329615219095227396e-01
-3.579842446079945645e-02,-1.048085972184234216e-01,-1.048085972184234216e-01,-1.048883672950732537e-01,-1.062243317596502507e-01,-1.081309138258868818e-01,-1.086887034377590211e-01,-1.086887034377590211e-01,-1.086887034377590211e-01,-1.107784484672246772e-01
