-1.397637586667491050e+00,-1.397637586667491050e+00,-1.583783880563617963e+00,-1.594855141046783942e+00,-1.594855141046783942e+00,-1.594855141046783942e+00,-1.594855141046783942e+00,-1.597129510688219511e+00,-1.597129510688219511e+00,-1.597129510688219511e+00,-1.597129510688219511e+00
-1.077572596663919136e+00,-1.495919791712371882e+00,-1.495919791712371882e+00,-1.498317516914116965e+00,-1.574011410448752812e+00,-1.574011410448752812e+00,-1.598033755643298193e+00,-1.598033755643298193e+00,-1.598033755643298193e+00,-1.598033755643298193e+00,-1.601293604182419728e+00
1.292827591886069882e-01,-7.202758584443857970e-01,-7.202758584443857970e-01,-7.411527763046521500e-01,-1.102438834365872644e+00,-1.259153523308265576e+00,-1.270348993919149905e+00,-1.595484079803905608e+00,-1.595484079803905608e+00,-1.595484079803905608e+00,-1.595484079803905608e+00
-1.031864778866293797e+00,-1.495919791712371882e+00,-1.495919791712371882e+00,-1.525602107512550987e+00,-1.525602107512550987e+00,-1.588655263756228564e+00,-1.588655263756228564e+00,-1.588655263756228564e+00,-1.601240146665667829e+00,-1.601240146665667829e+00,-1.601240146665667829e+00
-3.575664975580465921e-01,-8.886102856087347845e-01,-1.132622870325842079e+00,-1.269416586443431250e+00,-1.269416586443431250e+00,-1.569808530765514298e+00,-1.569808530765514298e+00,-1.569808530765514298e+00,-1.601306934506462554e+00,-1.601306934506462554e+00,-1.601306934506462554e+00
-1.380041700483981337e+00,-1.380041700483981337e+00,-1.600574500436781733e+00,-1.600574500436781733e+00,-1.601282143289565418e+00,-1.601282143289565418e+00,-1.601282143289565418e+00,-1.601282143289565418e+00,-1.601282143289565418e+00,-1.601282143289565418e+00,-1.601282143289565418e+00
1.685589456255822682e-01,1.685589456255822682e-01,1.678847870592274916e-01,1.608130385680786034e-01,1.608130385680786034e-01,1.608130385680786034e-01,1.608130385680786034e-01,-1.248653733942664878e+00,-1.248653733942664878e+00,-1.248653733942664878e+00,-1.274740447320972692e+00
-1.206802059169041819e+00,-1.206802059169041819e+00,-1.556874686366496618e+00,-1.571384046080719799e+00,-1.571384046080719799e+00,-1.571384046080719799e+00,-1.571384046080719799e+00,-1.571384046080719799e+00,-1.595429430538144011e+00,-1.595429430538144011e+00,-1.595429430538144011e+00
-1.511895733543829223e+00,-1.511895733543829223e+00,-1.578889281173705861e+00,-1.578889281173705861e+00,-1.600369185335083877e+00,-1.600369185335083877e+00,-1.600369185335083877e+00,-1.600369185335083877e+00,-1.600369185335083877e+00,-1.600369185335083877e+00,-1.601305068959772093e+00
-1.580544528121400560e+00,-1.580544528121400560e+00,-1.599360926877253064e+00,-1.599360926877253064e+00,-1.599360926877253064e+00,-1.599752769437101207e+00,-1.599752769437101207e+00,-1.599752769437101207e+00,-1.599752769437101207e+00,-1.599752769437101207e+00,-1.599752769437101207e+00
-6.710668644460966448e-01,-6.710668644460966448e-01,-6.710668644460966448e-01,-6.710668644460966448e-01,-9.701107914829236734e-01,-1.167032218652812148e+00,-1.364448251689251101e+00,-1.588557911317967530e+00,-1.588557911317967530e+00,-1.588557911317967530e+00,-1.600018999881947401e+00
-1.649261381712672225e-01,-3.132466599384060579e-01,-3.132466599384060579e-01,-3.255065694518366470e-01,-5.823176875576128175e-01,-7.681345702801851694e-01,-9.234972040773872237e-01,-1.601017630229057964e+00,-1.601017630229057964e+00,-1.601017630229057964e+00,-1.601017630229057964e+00
-1.300127739368518220e+00,-1.557958932476127600e+00,-1.594715277271511411e+00,-1.594715277271511411e+00,-1.595528805908511316e+00,-1.596248982728076804e+00,-1.601300201802009937e+00,-1.601300201802009937e+00,-1.601300201802009937e+00,-1.601300201802009937e+00,-1.601300201802009937e+00
-1.595691489291375831e+00,-1.597679539170172802e+00,-1.599373782180423476e+00,-1.599373782180423476e+00,-1.599373782180423476e+00,-1.601297228983182386e+00,-1.601297228983182386e+00,-1.601297228983182386e+00,-1.601297228983182386e+00,-1.601297228983182386e+00,-1.601297228983182386e+00
3.613089018761317384e-01,-1.495919791712371882e+00,-1.495919791712371882e+00,-1.498047438028302203e+00,-1.498047438028302203e+00,-1.596230673068435024e+00,-1.596230673068435024e+00,-1.596230673068435024e+00,-1.596230673068435024e+00,-1.601305065979429898e+00,-1.601305065979429898e+00
-1.190708748609409895e+00,-1.268872303753434849e+00,-1.268872303753434849e+00,-1.268872303753434849e+00,-1.268872303753434849e+00,-1.268872303753434849e+00,-1.583179473786121783e+00,-1.583179473786121783e+00,-1.583179473786121783e+00,-1.600713689084221514e+00,-1.601307529468770419e+00
-4.562716797698591620e-01,-4.562716797698591620e-01,-9.494194011506014164e-01,-1.327521988820386412e+00,-1.529580202938759292e+00,-1.601007162214306057e+00,-1.601007162214306057e+00,-1.601007162214306057e+00,-1.601007162214306057e+00,-1.601299014670456877e+00,-1.601299014670456877e+00
-1.266357922621451415e+00,-1.266357922621451415e+00,-1.266357922621451415e+00,-1.266357922621451415e+00,-1.600803946876478534e+00,-1.600803946876478534e+00,-1.600803946876478534e+00,-1.600803946876478534e+00,-1.600803946876478534e+00,-1.600803946876478534e+00,-1.601295656059255279e+00
-1.142175859007315886e+00,-1.596716132090870488e+00,-1.596716132090870488e+00,-1.596716132090870488e+00,-1.598688672918417097e+00,-1.601299958355854258e+00,-1.601299958355854258e+00,-1.601299958355854258e+00,-1.601299958355854258e+00,-1.601299958355854258e+00,-1.601299958355854258e+00
3.576047220159859208e-01,3.576047220159859208e-01,-3.658466487116549537e-01,-7.203526292221567040e-01,-1.016381142819788863e+00,-1.214504293300137761e+00,-1.395012722435783559e+00,-1.593718309407421430e+00,-1.593718309407421430e+00,-1.601255651637141675e+00,-1.601255651637141675e+00
-1.505689973963328931e+00,-1.579814440228202166e+00,-1.593274815875284744e+00,-1.598959135648060581e+00,-1.598959135648060581e+00,-1.598959135648060581e+00,-1.598959135648060581e+00,-1.598959135648060581e+00,-1.598959135648060581e+00,-1.598959135648060581e+00,-1.598959135648060581e+00
-1.598205172934946461e+00,-1.601152694684349953e+00,-1.601152694684349953e+00,-1.601152694684349953e+00,-1.601152694684349953e+00,-1.601228009016640641e+00,-1.601228009016640641e+00,-1.601228009016640641e+00,-1.601228009016640641e+00,-1.601228009016640641e+00,-1.601228009016640641e+00
-1.280982792382041602e+00,-1.567288966572383480e+00,-1.587303872951829398e+00,-1.597270559526646316e+00,-1.597270559526646316e+00,-1.597270559526646316e+00,-1.599903853961650135e+00,-1.599903853961650135e+00,-1.599903853961650135e+00,-1.599903853961650135e+00,-1.599903853961650135e+00
-5.559480057907384420e-01,-7.865437466467728456e-01,-9.405694603188150538e-01,-1.044319828621510737e+00,-1.044319828621510737e+00,-1.271543399800799889e+00,-1.271543399800799889e+00,-1.271543399800799889e+00,-1.555249799874829364e+00,-1.555249799874829364e+00,-1.591919025947030164e+00
-1.588514837557777781e+00,-1.588514837557777781e+00,-1.589778896770634553e+00,-1.590720128755678253e+00,-1.598895872731352696e+00,-1.598895872731352696e+00,-1.598895872731352696e+00,-1.601305517538254897e+00,-1.601305517538254897e+00,-1.601305517538254897e+00,-1.601305517538254897e+00
