-1.062162797265288339e-01,-1.062162797265288339e-01,-1.062162797265288339e-01,-2.631838109096288347e-01,-2.631838109096288347e-01,-2.631838109096288347e-01,-2.631838109096288347e-01,-2.631838109096288347e-01,-2.631838109096288347e-01,-2.705778055050236386e-01,-2.705778055050236386e-01
-1.476690425209302160e-01,-5.882231179724096704e-01,-5.882231179724096704e-01,-5.882231179724096704e-01,-5.882231179724096704e-01,-5.882231179724096704e-01,-7.833968943063068791e-01,-7.833968943063068791e-01,-7.833968943063068791e-01,-7.833968943063068791e-01,-7.833968943063068791e-01
-8.138223729031851539e-02,-8.138223729031851539e-02,-8.138223729031851539e-02,-8.138223729031851539e-02,-8.138223729031851539e-02,-1.303389645178774925e-01,-1.303389645178774925e-01,-7.673229226376252488e-01,-7.673229226376252488e-01,-7.885410997654311860e-01,-7.885410997654311860e-01
-7.519083226584881707e-01,-7.519083226584881707e-01,-7.519083226584881707e-01,-7.825534136519065598e-01,-7.825534136519065598e-01,-7.825534136519065598e-01,-7.852501235384127254e-01,-7.852501235384127254e-01,-7.852501235384127254e-01,-7.852501235384127254e-01,-7.852501235384127254e-01
-6.233458260642246729e-02,-6.233458260642246729e-02,-6.233458260642246729e-02,-6.233458260642246729e-02,-6.281874490716659043e-01,-6.281874490716659043e-01,-7.886780358105929256e-01,-7.886780358105929256e-01,-7.886780358105929256e-01,-7.886780358105929256e-01,-7.886780358105929256e-01
-2.822233165947143560e-02,-5.882231179724096704e-01,-5.882231179724096704e-01,-5.882231179724096704e-01,-5.882231179724096704e-01,-7.822879760051298925e-01,-7.822879760051298925e-01,-7.822879760051298925e-01,-7.822879760051298925e-01,-7.822879760051298925e-01,-7.822879760051298925e-01
-1.784564101487582377e-01,-1.784564101487582377e-01,-1.784564101487582377e-01,-5.398801141990829944e-01,-5.398801141990829944e-01,-7.772583707212317172e-01,-7.772583707212317172e-01,-7.881932715647614884e-01,-7.881932715647614884e-01,-7.881932715647614884e-01,-7.881932715647614884e-01
-9.347507225118527330e-02,-5.882231179724096704e-01,-5.882231179724096704e-01,-5.882231179724096704e-01,-5.882231179724096704e-01,-7.884735421412080170e-01,-7.884735421412080170e-01,-7.884735421412080170e-01,-7.884735421412080170e-01,-7.884735421412080170e-01,-7.884735421412080170e-01
-1.034441144636266685e-01,-1.034441144636266685e-01,-1.034441144636266685e-01,-5.398801141990829944e-01,-5.398801141990829944e-01,-7.642918407304305495e-01,-7.642918407304305495e-01,-7.884994666901063987e-01,-7.884994666901063987e-01,-7.884994666901063987e-01,-7.884994666901063987e-01
-7.449681563635632831e-01,-7.449681563635632831e-01,-7.449681563635632831e-01,-7.449681563635632831e-01,-7.778321644512061761e-01,-7.886835999124578445e-01,-7.886835999124578445e-01,-7.886835999124578445e-01,-7.886835999124578445e-01,-7.886835999124578445e-01,-7.886835999124578445e-01
-2.849726213242409489e-01,-2.849726213242409489e-01,-2.849726213242409489e-01,-2.849726213242409489e-01,-2.849726213242409489e-01,-2.849726213242409489e-01,-2.849726213242409489e-01,-6.190031965869001729e-01,-7.784875203741727923e-01,-7.784875203741727923e-01,-7.784875203741727923e-01
2.956079938895418702e-02,6.470202934495137941e-03,-4.675352033419730158e-02,-8.444656111576141766e-02,-1.220748595051994734e-01,-1.220748595051994734e-01,-1.220748595051994734e-01,-7.886767400997559685e-01,-7.886767400997559685e-01,-7.886767400997559685e-01,-7.886767400997559685e-01
-1.012643776309772176e-01,-5.882231179724096704e-01,-5.882231179724096704e-01,-5.882231179724096704e-01,-7.872919023861680854e-01,-7.872919023861680854e-01,-7.872919023861680854e-01,-7.872919023861680854e-01,-7.872919023861680854e-01,-7.880177646442652062e-01,-7.880177646442652062e-01
-7.663630683996557058e-02,-4.811336392965319675e-01,-4.811336392965319675e-01,-4.811336392965319675e-01,-4.811336392965319675e-01,-4.811336392965319675e-01,-4.811336392965319675e-01,-4.811336392965319675e-01,-4.811336392965319675e-01,-7.484798306832673997e-01,-7.615569571242902791e-01
-3.579704098311638494e-01,-5.882231179724096704e-01,-5.882231179724096704e-01,-5.882231179724096704e-01,-5.882231179724096704e-01,-7.839024724051162352e-01,-7.839024724051162352e-01,-7.839024724051162352e-01,-7.839024724051162352e-01,-7.839024724051162352e-01,-7.839024724051162352e-01
-3.210960500568760950e-02,-5.882231179724096704e-01,-5.882231179724096704e-01,-5.882231179724096704e-01,-5.882231179724096704e-01,-7.780533894349073165e-01,-7.780533894349073165e-01,-7.780533894349073165e-01,-7.826278491630552780e-01,-7.885069113763562010e-01,-7.885069113763562010e-01
6.301137605881632076e-02,-5.882231179724096704e-01,-5.882231179724096704e-01,-5.882231179724096704e-01,-7.848107685194992689e-01,-7.848107685194992689e-01,-7.848107685194992689e-01,-7.848107685194992689e-01,-7.848107685194992689e-01,-7.848107685194992689e-01,-7.848107685194992689e-01
-6.963771223410720745e-01,-6.963771223410720745e-01,-6.963771223410720745e-01,-6.963771223410720745e-01,-6.963771223410720745e-01,-7.874609049671098537e-01,-7.874609049671098537e-01,-7.874609049671098537e-01,-7.874609049671098537e-01,-7.874609049671098537e-01,-7.874609049671098537e-01
-1.515255023425616798e-01,-5.882231179724096704e-01,-5.882231179724096704e-01,-5.882231179724096704e-01,-5.882231179724096704e-01,-7.798008741554911527e-01,-7.798008741554911527e-01,-7.798008741554911527e-01,-7.798008741554911527e-01,-7.873592869797071403e-01,-7.873592869797071403e-01
-1.701091736817570144e-01,-5.882231179724096704e-01,-5.882231179724096704e-01,-5.882231179724096704e-01,-5.882231179724096704e-01,-7.787980520538526630e-01,-7.787980520538526630e-01,-7.787980520538526630e-01,-7.787980520538526630e-01,-7.787980520538526630e-01,-7.787980520538526630e-01
1.957867671719585451e-02,-5.882231179724096704e-01,-5.882231179724096704e-01,-5.882231179724096704e-01,-7.882298928901639856e-01,-7.882298928901639856e-01,-7.882298928901639856e-01,-7.882298928901639856e-01,-7.882298928901639856e-01,-7.882298928901639856e-01,-7.882298928901639856e-01
-4.979496129122320397e-02,-5.882231179724096704e-01,-5.882231179724096704e-01,-5.882231179724096704e-01,-5.882231179724096704e-01,-5.882231179724096704e-01,-5.882231179724096704e-01,-5.882231179724096704e-01,-7.709846928231930407e-01,-7.832996685955829763e-01,-7.832996685955829763e-01
-9.985838610993796882e-02,-5.881239993404860922e-01,-5.881239993404860922e-01,-7.886006906109306325e-01,-7.886006906109306325e-01,-7.886006906109306325e-01,-7.886006906109306325e-01,-7.886006906109306325e-01,-7.886006906109306325e-01,-7.886006906109306325e-01,-7.886006906109306325e-01
-3.452328375228394530e-02,-5.882231179724096704e-01,-5.882231179724096704e-01,-7.886840369035306164e-01,-7.886840369035306164e-01,-7.886840369035306164e-01,-7.886840369035306164e-01,-7.886840369035306164e-01,-7.886840369035306164e-01,-7.886840369035306164e-01,-7.886840369035306164e-01
-3.579840069257756580e-02,-5.882231179724096704e-01,-5.882231179724096704e-01,-5.882231179724096704e-01,-5.882231179724096704e-01,-5.882231179724096704e-01,-5.882231179724096704e-01,-5.882231179724096704e-01,-7.585496411566986508e-01,-7.878421643808121155e-01,-7.878421643808121155e-01
