-1.397637586667491050e+00,-1.397637586667491050e+00,-1.397637586667491050e+00,-1.600481739777780632e+00,-1.600481739777780632e+00,-1.600481739777780632e+00,-1.601228813809622231e+00,-1.601228813809622231e+00,-1.601228813809622231e+00,-1.601228813809622231e+00,-1.601228813809622231e+00
-1.077572596663919136e+00,-1.600898433369090768e+00,-1.600898433369090768e+00,-1.600898433369090768e+00,-1.600898433369090768e+00,-1.600898433369090768e+00,-1.600898433369090768e+00,-1.601253503646470122e+00,-1.601253503646470122e+00,-1.601253503646470122e+00,-1.601253503646470122e+00
1.292827591886069882e-01,-7.243829222170994342e-02,-2.520347938704787794e-01,-3.971103034582283975e-01,-1.270240336197694830e+00,-1.270240336197694830e+00,-1.535478335192919985e+00,-1.535478335192919985e+00,-1.593793557460291055e+00,-1.593793557460291055e+00,-1.601306856503666332e+00
-1.031864778866293797e+00,-1.253319862168411625e+00,-1.464611990719439483e+00,-1.572029668520958268e+00,-1.572029668520958268e+00,-1.572029668520958268e+00,-1.601307543754325380e+00,-1.601307543754325380e+00,-1.601307543754325380e+00,-1.601307543754325380e+00,-1.601307543754325380e+00
-3.575664975580465921e-01,-5.134652038956408759e-01,-6.874527731667203767e-01,-8.212427281897589637e-01,-1.268230028755077399e+00,-1.268230028755077399e+00,-1.594725167383824527e+00,-1.594725167383824527e+00,-1.594725167383824527e+00,-1.601153742553902859e+00,-1.601293909716998698e+00
-1.380041700483981337e+00,-1.380041700483981337e+00,-1.531695691504801005e+00,-1.594284044016336388e+00,-1.594284044016336388e+00,-1.594284044016336388e+00,-1.594284044016336388e+00,-1.601283591088270342e+00,-1.601283591088270342e+00,-1.601283591088270342e+00,-1.601294579189907807e+00
1.685589456255822682e-01,1.645054195626025617e-01,1.645054195626025617e-01,1.645054195626025617e-01,-4.794487527807693716e-01,-8.772053943290458733e-01,-1.100601214236218262e+00,-1.274841466719182748e+00,-1.547278398294839263e+00,-1.582827571774467756e+00,-1.601294545095636401e+00
-1.206802059169041819e+00,-1.427672161114916349e+00,-1.569740877310206173e+00,-1.598174078026731060e+00,-1.598174078026731060e+00,-1.598174078026731060e+00,-1.598174078026731060e+00,-1.601278146884285825e+00,-1.601278146884285825e+00,-1.601306133236133356e+00,-1.601307063943941067e+00
-1.511895733543829223e+00,-1.587035072278710324e+00,-1.587035072278710324e+00,-1.587035072278710324e+00,-1.587035072278710324e+00,-1.587035072278710324e+00,-1.587035072278710324e+00,-1.601301013277727670e+00,-1.601301013277727670e+00,-1.601301013277727670e+00,-1.601307434106721495e+00
-1.580544528121400560e+00,-1.580544528121400560e+00,-1.580544528121400560e+00,-1.580544528121400560e+00,-1.580544528121400560e+00,-1.580544528121400560e+00,-1.601140082378997853e+00,-1.601299049990170253e+00,-1.601307238418927525e+00,-1.601307238418927525e+00,-1.601307238418927525e+00
-6.710668644460966448e-01,-1.453823274575950286e+00,-1.601095354785329050e+00,-1.601095354785329050e+00,-1.601095354785329050e+00,-1.601095354785329050e+00,-1.601095354785329050e+00,-1.601307524565632967e+00,-1.601307524565632967e+00,-1.601307524565632967e+00,-1.601307524565632967e+00
-1.649261381712672225e-01,-4.822849701965261637e-01,-6.581030113376638013e-01,-7.972289572331670016e-01,-1.583740072548044608e+00,-1.594307590959737730e+00,-1.594307590959737730e+00,-1.594307590959737730e+00,-1.601305850220036575e+00,-1.601305850220036575e+00,-1.601307537982826545e+00
-1.300127739368518220e+00,-1.300127739368518220e+00,-1.568672320920082797e+00,-1.601281431592649795e+00,-1.601281431592649795e+00,-1.601281431592649795e+00,-1.601281431592649795e+00,-1.601281431592649795e+00,-1.601282345672532692e+00,-1.601295491335213761e+00,-1.601296573958316927e+00
-1.595691489291375831e+00,-1.595691489291375831e+00,-1.598982717697222000e+00,-1.601306467086510921e+00,-1.601306467086510921e+00,-1.601306467086510921e+00,-1.601306467086510921e+00,-1.601306467086510921e+00,-1.601306467086510921e+00,-1.601306467086510921e+00,-1.601306922343999517e+00
3.613089018761317384e-01,3.613089018761317384e-01,1.254092815235949843e-01,-5.801134068034130564e-02,-1.113909248677898312e+00,-1.272248038645974688e+00,-1.272786467079312089e+00,-1.599230537715932599e+00,-1.599230537715932599e+00,-1.601111103222665477e+00,-1.601111103222665477e+00
-1.190708748609409895e+00,-1.190708748609409895e+00,-1.273538830842698033e+00,-1.273538830842698033e+00,-1.273538830842698033e+00,-1.586118858578011270e+00,-1.586230735026230576e+00,-1.601307536983605395e+00,-1.601307536983605395e+00,-1.601307536983605395e+00,-1.601307536983605395e+00
-4.562716797698591620e-01,-7.489579567809103722e-01,-9.387314830618032069e-01,-1.068079020448262639e+00,-1.587139543360472693e+00,-1.587139543360472693e+00,-1.587139543360472693e+00,-1.587139543360472693e+00,-1.601297100999062195e+00,-1.601297100999062195e+00,-1.601297100999062195e+00
-1.266357922621451415e+00,-1.266357922621451415e+00,-1.266357922621451415e+00,-1.266357922621451415e+00,-1.266357922621451415e+00,-1.566258116892270458e+00,-1.566258116892270458e+00,-1.601304044649013214e+00,-1.601304044649013214e+00,-1.601304044649013214e+00,-1.601304044649013214e+00
-1.142175859007315886e+00,-1.142175859007315886e+00,-1.425279207776809720e+00,-1.574161505159994867e+00,-1.574161505159994867e+00,-1.574161505159994867e+00,-1.601067146241944350e+00,-1.601067146241944350e+00,-1.601067146241944350e+00,-1.601067146241944350e+00,-1.601228066239324122e+00
3.576047220159859208e-01,3.576047220159859208e-01,2.476458714965152907e-01,1.828638909527660061e-01,-5.308708277071678694e-01,-8.367531739591229645e-01,-1.065018088602766255e+00,-1.598166650134581701e+00,-1.598166650134581701e+00,-1.598166650134581701e+00,-1.598166650134581701e+00
-1.505689973963328931e+00,-1.597074747559854124e+00,-1.597074747559854124e+00,-1.597074747559854124e+00,-1.597074747559854124e+00,-1.597074747559854124e+00,-1.597074747559854124e+00,-1.601303445719882035e+00,-1.601305037231991690e+00,-1.601305037231991690e+00,-1.601305037231991690e+00
-1.598205172934946461e+00,-1.601161913281565319e+00,-1.601161913281565319e+00,-1.601161913281565319e+00,-1.601161913281565319e+00,-1.601161913281565319e+00,-1.601161913281565319e+00,-1.601161913281565319e+00,-1.601169059308296561e+00,-1.601231543170742455e+00,-1.601272133521158381e+00
-1.280982792382041602e+00,-1.596706138271944297e+00,-1.596706138271944297e+00,-1.596706138271944297e+00,-1.596706138271944297e+00,-1.596706138271944297e+00,-1.601229025539129935e+00,-1.601278607946354349e+00,-1.601278607946354349e+00,-1.601278607946354349e+00,-1.601278607946354349e+00
-5.559480057907384420e-01,-7.952700864132635772e-01,-9.800247409209252858e-01,-1.113710430311044774e+00,-1.270233034479504752e+00,-1.270233034479504752e+00,-1.270233034479504752e+00,-1.593314082318919134e+00,-1.593314082318919134e+00,-1.601301297123837841e+00,-1.601301297123837841e+00
-1.588514837557777781e+00,-1.590708754010094594e+00,-1.601287524627261760e+00,-1.601287524627261760e+00,-1.601287524627261760e+00,-1.601287524627261760e+00,-1.601287524627261760e+00,-1.601302999509057301e+00,-1.601304439858429518e+00,-1.601305261750570530e+00,-1.601305982401806105e+00
