-2.779197873733333379e-01,-2.779197873733333379e-01,-2.779197873733333379e-01,-4.455684841428081411e-01,-4.581631865553438820e-01,-1.241288624394916607e+00,-1.241288624394916607e+00,-1.488177253084657981e+00,-1.488713691585537013e+00,-1.488713691585537013e+00,-1.488713691585537013e+00
-1.484918594137581760e+00,-1.484918594137581760e+00,-1.487641755200492355e+00,-1.488671279830683813e+00,-1.488671279830683813e+00,-1.488671279830683813e+00,-1.488671279830683813e+00,-1.488671279830683813e+00,-1.488671279830683813e+00,-1.488671279830683813e+00,-1.488671279830683813e+00
-1.239311103442180206e+00,-1.239311103442180206e+00,-1.239311103442180206e+00,-1.342618872826698562e+00,-1.342618872826698562e+00,-1.425950410805927548e+00,-1.472853064089427066e+00,-1.489007907787480711e+00,-1.489007907787480711e+00,-1.489007907787480711e+00,-1.489048789818835816e+00
-1.148652604376763753e+00,-1.148652604376763753e+00,-1.148652604376763753e+00,-1.148652604376763753e+00,-1.148652604376763753e+00,-1.486970738299911998e+00,-1.489024403802956975e+00,-1.489024403802956975e+00,-1.489024403802956975e+00,-1.489024403802956975e+00,-1.489024403802956975e+00
-1.468017839605873620e+00,-1.468017839605873620e+00,-1.468017839605873620e+00,-1.468017839605873620e+00,-1.488472720936001137e+00,-1.489063776824328444e+00,-1.489063776824328444e+00,-1.489063776824328444e+00,-1.489063776824328444e+00,-1.489063776824328444e+00,-1.489063776824328444e+00
-1.106250811576581672e+00,-1.106250811576581672e+00,-1.148536585938481736e+00,-1.182402719907628796e+00,-1.432583176110665990e+00,-1.488710253276830597e+00,-1.489064871154867520e+00,-1.489064871154867520e+00,-1.489064871154867520e+00,-1.489064871154867520e+00,-1.489064871154867520e+00
9.058300823840457691e-03,0.000000000000000000e+00,-7.220321866896037832e-01,-7.220321866896037832e-01,-8.545744934099296364e-01,-9.543533302575362143e-01,-1.028407415352772913e+00,-1.133712284343018073e+00,-1.133712284343018073e+00,-1.133712284343018073e+00,-1.133712284343018073e+00
-7.591887581151413045e-02,-2.421679477914009393e-01,-3.830031723416121858e-01,-4.547747111645084050e-01,-4.547747111645084050e-01,-1.295940823221966021e+00,-1.454838561844398859e+00,-1.488968392049260681e+00,-1.488968392049260681e+00,-1.488968392049260681e+00,-1.488968392049260681e+00
-3.913146475504647448e-01,-3.935655994268703051e-01,-4.319974055191245221e-01,-4.361135472355598397e-01,-4.612846357781687501e-01,-4.612846357781687501e-01,-4.612846357781687501e-01,-4.612846357781687501e-01,-4.612846357781687501e-01,-4.612846357781687501e-01,-4.612846357781687501e-01
-1.001271903341409919e+00,-1.001271903341409919e+00,-1.001271903341409919e+00,-1.149121374136391482e+00,-1.149121374136391482e+00,-1.149121374136391482e+00,-1.149121374136391482e+00,-1.149121374136391482e+00,-1.149121374136391482e+00,-1.168686841893102901e+00,-1.168686841893102901e+00
-1.212426587380636578e+00,-1.212426587380636578e+00,-1.212426587380636578e+00,-1.218029279763523043e+00,-1.311652892022398209e+00,-1.487958021498364758e+00,-1.489067561068923462e+00,-1.489067561068923462e+00,-1.489067561068923462e+00,-1.489067561068923462e+00,-1.489067561068923462e+00
-1.872048152911989227e-01,-1.872048152911989227e-01,-3.045966701164124490e-01,-4.137260949306655888e-01,-9.850730419677680150e-01,-1.140749493357860134e+00,-1.148352742263692550e+00,-1.148352742263692550e+00,-1.148352742263692550e+00,-1.148352742263692550e+00,-1.148352742263692550e+00
-1.318992615366756382e+00,-1.329152116275136519e+00,-1.329152116275136519e+00,-1.329152116275136519e+00,-1.488981260641190296e+00,-1.488981260641190296e+00,-1.488981260641190296e+00,-1.488981260641190296e+00,-1.489046367858304576e+00,-1.489046367858304576e+00,-1.489061836106871484e+00
-4.601725318554445443e-01,-4.601725318554445443e-01,-4.601725318554445443e-01,-4.601725318554445443e-01,-4.601725318554445443e-01,-4.601725318554445443e-01,-1.098223606368301519e+00,-1.444284067171091479e+00,-1.444284067171091479e+00,-1.488116556250658862e+00,-1.489072431719135947e+00
-8.274624838819485406e-01,-8.419376407229862691e-01,-8.637018371831164387e-01,-8.821777183079745344e-01,-1.107534684210953246e+00,-1.149766022962939171e+00,-1.149766022962939171e+00,-1.149766022962939171e+00,-1.149766022962939171e+00,-1.149766022962939171e+00,-1.149766022962939171e+00
-6.967688049990090893e-02,-7.092468220501291221e-02,-7.092468220501291221e-02,-7.251921924701831834e-02,-8.601121723648705308e-02,-2.002534709735029339e-01,-2.002534709735029339e-01,-6.144959943295354998e-01,-7.913673107877312596e-01,-9.540809924973584488e-01,-9.540809924973584488e-01
3.044273617765445167e-02,-3.990608203343031651e-02,-9.752797623824065176e-02,-2.128730571162884000e-01,-4.778240190946128618e-01,-7.528176713587815261e-01,-8.929258933940737997e-01,-1.149650407170280664e+00,-1.149650407170280664e+00,-1.149650407170280664e+00,-1.271586314487135327e+00
-9.163045956181400387e-01,-9.274301556998301166e-01,-9.480496281076804532e-01,-1.030690466876412303e+00,-1.092006724872481183e+00,-1.150078513314247930e+00,-1.150078513314247930e+00,-1.150078513314247930e+00,-1.150078513314247930e+00,-1.150078513314247930e+00,-1.487630062892642879e+00
-5.961303050418472749e-01,-5.961303050418472749e-01,-5.961303050418472749e-01,-5.961303050418472749e-01,-5.961303050418472749e-01,-7.130729827537671817e-01,-8.038435050673157223e-01,-1.138130860818828527e+00,-1.146744358742911141e+00,-1.146744358742911141e+00,-1.146744358742911141e+00
-6.182182148346797579e-01,-9.684180388097605174e-01,-1.084935037217897191e+00,-1.143516161184533031e+00,-1.145370219034062886e+00,-1.145370219034062886e+00,-1.145370219034062886e+00,-1.145370219034062886e+00,-1.145370219034062886e+00,-1.145370219034062886e+00,-1.145370219034062886e+00
-3.606913313964982826e-01,-4.566622507324232805e-01,-4.566622507324232805e-01,-4.566622507324232805e-01,-8.016417976756979868e-01,-1.318759214406858948e+00,-1.452317192596520368e+00,-1.488848557397510097e+00,-1.489072269237247559e+00,-1.489072269237247559e+00,-1.489072502424162669e+00
-4.525448964308952382e-01,-4.525448964308952382e-01,-4.525448964308952382e-01,-4.525448964308952382e-01,-1.012078774603365705e+00,-1.330565308630381693e+00,-1.353157296830310496e+00,-1.488591311479881885e+00,-1.489052905118198433e+00,-1.489052905118198433e+00,-1.489061175641939627e+00
-6.533381530244435353e-01,-1.333078726956385740e+00,-1.333078726956385740e+00,-1.333078726956385740e+00,-1.333078726956385740e+00,-1.333078726956385740e+00,-1.337455812708233438e+00,-1.477071961285594259e+00,-1.488694833708414045e+00,-1.488694833708414045e+00,-1.489034538598322355e+00
-1.326852617789792133e+00,-1.397521967740191995e+00,-1.397521967740191995e+00,-1.397521967740191995e+00,-1.485228712801399231e+00,-1.485228712801399231e+00,-1.488984749641691474e+00,-1.489068219067981813e+00,-1.489068219067981813e+00,-1.489068219067981813e+00,-1.489068219067981813e+00
-4.396897220679472085e-01,-4.605653238402327432e-01,-4.605653238402327432e-01,-4.605653238402327432e-01,-4.605653238402327432e-01,-1.235106820069871381e+00,-1.235106820069871381e+00,-1.488693768742274326e+00,-1.488693768742274326e+00,-1.488693768742274326e+00,-1.488693768742274326e+00
