-1.397637922677488875e+00,-1.397637922677488875e+00,-1.406340455359226027e+00,-1.592516120473454144e+00,-1.592516120473454144e+00,-1.867144071244873249e+00,-1.899051608580235362e+00,-1.899051608580235362e+00,-1.899051608580235362e+00,-1.878891174232595107e+00
-1.077573424796099077e+00,-1.495920619844551824e+00,-1.495920619844551824e+00,-1.600518197673281184e+00,-1.600518197673281184e+00,-1.600518197673281184e+00,-1.783875899154764078e+00,-1.783875899154764078e+00,-1.783875899154764078e+00,-2.957358367910842389e+00
1.292824292607922809e-01,-7.202761883722016423e-01,-7.202761883722016423e-01,-7.203532427341112765e-01,-7.371883018098039919e-01,-1.124138205778223654e+00,-1.804419323398454011e+00,-1.804419323398454011e+00,-1.804419323398454011e+00,-1.948821184651590599e+00
-1.031865643931032084e+00,-1.495920656777110169e+00,-1.495920656777110169e+00,-1.497102883165848608e+00,-1.519560771499977259e+00,-1.604726093598451753e+00,-1.649068031026976300e+00,-1.649068031026976300e+00,-1.649068031026976300e+00,-1.881372235157230843e+00
-3.575669997420136692e-01,-1.235552625783403524e+00,-1.246796444286805805e+00,-1.246796765690495912e+00,-1.246796765690495912e+00,-1.287903950183799218e+00,-1.276366865980297804e+00,-1.276366865980297804e+00,-1.276366865980297804e+00,-1.293094599269694056e+00
-1.380042456754433156e+00,-1.380042456754433156e+00,-1.557142828002531676e+00,-1.571384750977727229e+00,-1.571384750977727229e+00,-1.571384750977727229e+00,-2.400113124391999975e+00,-2.400113124391999975e+00,-2.400113124391999975e+00,-3.137432689494457083e+00
1.685586085722982352e-01,1.685586085722982352e-01,1.602961866375378075e-01,1.584921476939938900e-01,1.584921476939938900e-01,1.584921476939938900e-01,1.232363165693980411e-01,-1.248653993225566472e+00,-1.248653993225566472e+00,-1.920122009111640438e+00
-1.206802726860299213e+00,-1.211759166323878256e+00,-1.245321802852922044e+00,-1.263952267605522151e+00,-1.263952267605522151e+00,-1.324258954014196243e+00,-1.474553785700490449e+00,-1.730608927471884551e+00,-1.730608927471884551e+00,-1.754211912128046391e+00
-1.511896488078972922e+00,-1.514451878854078837e+00,-1.557142826267721825e+00,-1.611829013113385223e+00,-1.611829013113385223e+00,-1.611829013113385223e+00,-1.808279259655186655e+00,-1.808279259655186655e+00,-1.808279259655186655e+00,-1.968717257228380202e+00
-1.580545844012135381e+00,-1.592301669248014750e+00,-1.596517391363063032e+00,-1.596517249891514778e+00,-1.596517249891514778e+00,-1.602366781463243850e+00,-1.635186980982209271e+00,-1.635186980982209271e+00,-1.635186980982209271e+00,-1.645077019951844077e+00
-6.710675657863398591e-01,-6.710675657863398591e-01,-6.710675657863398591e-01,-7.203532630684509330e-01,-7.995812496685864579e-01,-9.151642846533138975e-01,-1.017478211761215556e+00,-2.367724250782155870e+00,-2.367724250782155870e+00,-3.163188486128706955e+00
-1.649264130194555700e-01,-3.132469347865950438e-01,-3.132469347865950438e-01,-3.857045253502819349e-01,-6.766434388491759933e-01,-6.766434388491759933e-01,-2.315821655516584698e+00,-2.315821655516584698e+00,-2.315821655516584698e+00,-2.664517479464023175e+00
-1.300128441000309776e+00,-1.304578034002155773e+00,-1.304578034002155773e+00,-1.337249451238666342e+00,-1.485133018343570477e+00,-1.711228755865672690e+00,-1.681333215980843843e+00,-1.681333215980843843e+00,-1.681333215980843843e+00,-2.007071986966046939e+00
-1.595691665481141941e+00,-1.595691665481141941e+00,-1.595691665481141941e+00,-1.599830147762407506e+00,-1.599830147762407506e+00,-1.599830147762407506e+00,-1.600543064611636757e+00,-1.600543064611636757e+00,-1.600543064611636757e+00,-1.611065569619735571e+00
3.613086184415550406e-01,-1.495920075146948580e+00,-1.495920075146948580e+00,-1.641035319936091419e+00,-1.641035319936091419e+00,-1.641035319936091419e+00,-3.759268931967469918e+00,-3.759268931967469918e+00,-3.759268931967469918e+00,-2.885005972637645577e+00
-1.190709526828767295e+00,-1.235552901818850913e+00,-1.246796720322395080e+00,-1.246796698152160099e+00,-1.313831994767283184e+00,-1.313831994767283184e+00,-1.312407908127765310e+00,-1.312407908127765310e+00,-1.312407908127765310e+00,-1.507701434694905140e+00
-4.562720436963824122e-01,-4.911391956437617390e-01,-5.750247574327244093e-01,-7.143615974940240587e-01,-1.261412902897022903e+00,-1.261412902897022903e+00,-2.334260575587501663e+00,-2.334260575587501663e+00,-2.334260575587501663e+00,-2.816676484721568841e+00
-1.266359200397008555e+00,-1.266359200397008555e+00,-1.266359200397008555e+00,-1.266359012798957240e+00,-1.266359012798957240e+00,-1.281591369976164074e+00,-1.280694744073319180e+00,-1.600266937046987081e+00,-1.600266937046987081e+00,-1.791929665282635753e+00
-1.142176544360988366e+00,-1.240999271171868479e+00,-1.240999271171868479e+00,-1.338372566211979864e+00,-1.987609949291645028e+00,-1.987609949291645028e+00,-2.085436988198047903e+00,-2.085436988198047903e+00,-2.085436988198047903e+00,-2.692645937950098656e+00
3.576044745017802895e-01,3.576044745017802895e-01,-3.658468962278628167e-01,-3.458004487680352401e+00,-3.458004487680352401e+00,-3.458004487680352401e+00,-3.512908563278016150e+00,-3.512908563278016150e+00,-3.512908563278016150e+00,-3.469299057765829808e+00
-1.505690920829729773e+00,-1.505690920829729773e+00,-1.596482096987191568e+00,-1.610411983165690231e+00,-1.610411983165690231e+00,-1.610411983165690231e+00,-1.695121302139342756e+00,-1.695121302139342756e+00,-1.695121302139342756e+00,-2.349164252653157092e+00
-1.598206168670402327e+00,-1.601153690426162957e+00,-1.601153690426162957e+00,-1.601153604799864238e+00,-1.601153604799864238e+00,-1.602041859283400926e+00,-1.613203292247406218e+00,-1.613203292247406218e+00,-1.613203292247406218e+00,-1.636490973096237589e+00
-1.280983519293916517e+00,-1.285524940024624696e+00,-1.285524940024624696e+00,-1.318600853301781894e+00,-1.463492564629741644e+00,-1.801039058376896485e+00,-1.745455694809087799e+00,-1.745455694809087799e+00,-1.745455694809087799e+00,-1.915788736922477753e+00
-5.559484590571798224e-01,-5.559484590571798224e-01,-6.746154777517006096e-01,-9.727410082188523432e-01,-9.727410082188523432e-01,-1.727730426589032309e+00,-2.178644513654328652e+00,-2.178644513654328652e+00,-2.178644513654328652e+00,-2.558624352677889124e+00
-1.588515828624650794e+00,-1.588515828624650794e+00,-1.596517066542911811e+00,-1.597452292982573185e+00,-1.597452292982573185e+00,-1.601734569975270750e+00,-1.605516494445852649e+00,-1.605516494445852649e+00,-1.605516494445852649e+00,-1.709298590710797150e+00
