-2.779197873733333379e-01,-2.779197873733333379e-01,-2.779197873733333379e-01,-4.565634480222895974e-01,-1.130624318644724458e+00,-1.487432908251179020e+00,-1.487432908251179020e+00,-1.487432908251179020e+00,-1.487432908251179020e+00,-1.487432908251179020e+00,-1.488993598200447854e+00
-1.484918594137581760e+00,-1.484918594137581760e+00,-1.484918594137581760e+00,-1.484918594137581760e+00,-1.484918594137581760e+00,-1.484918594137581760e+00,-1.484918594137581760e+00,-1.484918594137581760e+00,-1.484918594137581760e+00,-1.484918594137581760e+00,-1.489066416956629890e+00
-1.239311103442180206e+00,-1.254932390080400584e+00,-1.489031294408023731e+00,-1.489031294408023731e+00,-1.489031294408023731e+00,-1.489031294408023731e+00,-1.489031294408023731e+00,-1.489031294408023731e+00,-1.489031294408023731e+00,-1.489031294408023731e+00,-1.489031294408023731e+00
-1.148652604376763753e+00,-1.148652604376763753e+00,-1.148652604376763753e+00,-1.447621971918839456e+00,-1.447621971918839456e+00,-1.447621971918839456e+00,-1.447621971918839456e+00,-1.447621971918839456e+00,-1.447621971918839456e+00,-1.489008107462775010e+00,-1.489067404797327132e+00
-1.468017839605873620e+00,-1.468017839605873620e+00,-1.468017839605873620e+00,-1.468017839605873620e+00,-1.468017839605873620e+00,-1.488654114811079010e+00,-1.488654114811079010e+00,-1.488654114811079010e+00,-1.488654114811079010e+00,-1.488654114811079010e+00,-1.489050714515575580e+00
-1.106250811576581672e+00,-1.323358188135683955e+00,-1.437434799075238301e+00,-1.488125679783738997e+00,-1.488125679783738997e+00,-1.488125679783738997e+00,-1.488125679783738997e+00,-1.488125679783738997e+00,-1.488125679783738997e+00,-1.488125679783738997e+00,-1.489005394804931548e+00
9.058300823840457691e-03,0.000000000000000000e+00,-1.149248905970387202e+00,-1.149248905970387202e+00,-1.149248905970387202e+00,-1.149248905970387202e+00,-1.149248905970387202e+00,-1.149248905970387202e+00,-1.149248905970387202e+00,-1.149248905970387202e+00,-1.486129867386848602e+00
-7.591887581151413045e-02,-7.591887581151413045e-02,-4.244517265191272148e-01,-4.244517265191272148e-01,-4.244517265191272148e-01,-4.612298946360237073e-01,-4.612298946360237073e-01,-1.459985788290477648e+00,-1.459985788290477648e+00,-1.480627430949369439e+00,-1.489069447880275066e+00
-3.913146475504647448e-01,-3.913146475504647448e-01,-4.574906354766427596e-01,-4.574906354766427596e-01,-5.804356089890360115e-01,-1.025691044116455508e+00,-1.133717081885700084e+00,-1.133717081885700084e+00,-1.133717081885700084e+00,-1.133717081885700084e+00,-1.488957728690431193e+00
-1.001271903341409919e+00,-1.001271903341409919e+00,-1.106481821630088014e+00,-1.149780364901121565e+00,-1.149780364901121565e+00,-1.149780364901121565e+00,-1.149780364901121565e+00,-1.149780364901121565e+00,-1.451446829807317762e+00,-1.451446829807317762e+00,-1.488780629435228819e+00
-1.212426587380636578e+00,-1.429946476897335783e+00,-1.477367853150037380e+00,-1.477367853150037380e+00,-1.477367853150037380e+00,-1.477367853150037380e+00,-1.477367853150037380e+00,-1.477367853150037380e+00,-1.489062300279149209e+00,-1.489062300279149209e+00,-1.489065525065318418e+00
-1.872048152911989227e-01,-4.989358900113535777e-01,-6.663691080137241762e-01,-8.157590250004959076e-01,-1.129606405888354592e+00,-1.129606405888354592e+00,-1.129606405888354592e+00,-1.129606405888354592e+00,-1.149714875282165094e+00,-1.149714875282165094e+00,-1.483799587036005896e+00
-1.318992615366756382e+00,-1.318992615366756382e+00,-1.318992615366756382e+00,-1.318992615366756382e+00,-1.318992615366756382e+00,-1.489037469220751753e+00,-1.489037469220751753e+00,-1.489037469220751753e+00,-1.489037469220751753e+00,-1.489037469220751753e+00,-1.489037469220751753e+00
-4.601725318554445443e-01,-4.601725318554445443e-01,-4.601725318554445443e-01,-4.601725318554445443e-01,-4.601725318554445443e-01,-1.102883532699877378e+00,-1.102883532699877378e+00,-1.149577041944938260e+00,-1.149577041944938260e+00,-1.149577041944938260e+00,-1.484930733611795173e+00
-8.274624838819485406e-01,-8.274624838819485406e-01,-1.050875069847822862e+00,-1.148741943976438362e+00,-1.148741943976438362e+00,-1.148741943976438362e+00,-1.148741943976438362e+00,-1.470143136846631782e+00,-1.488380908394264068e+00,-1.488380908394264068e+00,-1.488380908394264068e+00
-6.967688049990090893e-02,-6.967688049990090893e-02,-1.233888377069032594e-01,-1.233888377069032594e-01,-3.926673170284240011e-01,-3.926673170284240011e-01,-8.827631929167798486e-01,-8.827631929167798486e-01,-1.149232064766025907e+00,-1.149232064766025907e+00,-1.149232064766025907e+00
3.044273617765445167e-02,-4.316088226053567123e-01,-6.538568901369963271e-01,-7.933879494050064540e-01,-1.122257323701638221e+00,-1.122257323701638221e+00,-1.122257323701638221e+00,-1.122257323701638221e+00,-1.122257323701638221e+00,-1.488992710186057611e+00,-1.488992710186057611e+00
-9.163045956181400387e-01,-9.163045956181400387e-01,-9.163045956181400387e-01,-9.163045956181400387e-01,-1.149974321594099180e+00,-1.149974321594099180e+00,-1.149974321594099180e+00,-1.149974321594099180e+00,-1.149974321594099180e+00,-1.487005095155866430e+00,-1.487005095155866430e+00
-5.961303050418472749e-01,-5.961303050418472749e-01,-5.961303050418472749e-01,-5.961303050418472749e-01,-1.098318764449707663e+00,-1.147866496964988769e+00,-1.147866496964988769e+00,-1.147866496964988769e+00,-1.478737539472213758e+00,-1.478737539472213758e+00,-1.484256542841546400e+00
-6.182182148346797579e-01,-8.470601248796383320e-01,-9.972599925044308700e-01,-1.096699700342371520e+00,-1.096699700342371520e+00,-1.096699700342371520e+00,-1.096699700342371520e+00,-1.147739717531326420e+00,-1.147739717531326420e+00,-1.293980497677562624e+00,-1.293980497677562624e+00
-3.606913313964982826e-01,-3.606913313964982826e-01,-3.606913313964982826e-01,-3.606913313964982826e-01,-1.006383550224271284e+00,-1.006383550224271284e+00,-1.150160431356746615e+00,-1.150160431356746615e+00,-1.486997572842609028e+00,-1.486997572842609028e+00,-1.486997572842609028e+00
-4.525448964308952382e-01,-4.525448964308952382e-01,-4.525448964308952382e-01,-4.525448964308952382e-01,-4.525448964308952382e-01,-1.471512898107200984e+00,-1.471512898107200984e+00,-1.471512898107200984e+00,-1.488940187673834403e+00,-1.488940187673834403e+00,-1.488940187673834403e+00
-6.533381530244435353e-01,-1.151760563555428662e+00,-1.151760563555428662e+00,-1.487489199256227357e+00,-1.487489199256227357e+00,-1.487489199256227357e+00,-1.487489199256227357e+00,-1.487489199256227357e+00,-1.487489199256227357e+00,-1.487489199256227357e+00,-1.487489199256227357e+00
-1.326852617789792133e+00,-1.326852617789792133e+00,-1.482639909636233044e+00,-1.482639909636233044e+00,-1.482639909636233044e+00,-1.482639909636233044e+00,-1.482639909636233044e+00,-1.482639909636233044e+00,-1.482639909636233044e+00,-1.482639909636233044e+00,-1.489072485714263205e+00
-4.396897220679472085e-01,-4.396897220679472085e-01,-4.396897220679472085e-01,-1.148048541558475799e+00,-1.148048541558475799e+00,-1.148048541558475799e+00,-1.363516768020430758e+00,-1.381044828641538880e+00,-1.489070465949962285e+00,-1.489070465949962285e+00,-1.489070465949962285e+00
