-2.779197873733333379e-01,-2.779197873733333379e-01,-2.779197873733333379e-01,-4.565634480222895974e-01,-1.130624318644724458e+00,-1.487432908251179020e+00,-1.487432908251179020e+00,-1.488479555781392349e+00,-1.489072454391733746e+00,-1.489072454391733746e+00,-1.489072454391733746e+00
-1.484918594137581760e+00,-1.484918594137581760e+00,-1.488024265143707670e+00,-1.488024265143707670e+00,-1.489071647043912261e+00,-1.489071647043912261e+00,-1.489071647043912261e+00,-1.489071647043912261e+00,-1.489071647043912261e+00,-1.489071647043912261e+00,-1.489071647043912261e+00
-1.239311103442180206e+00,-1.254932390080400584e+00,-1.489031294408023731e+00,-1.489031294408023731e+00,-1.489031294408023731e+00,-1.489031294408023731e+00,-1.489031294408023731e+00,-1.489031294408023731e+00,-1.489031294408023731e+00,-1.489031294408023731e+00,-1.489031294408023731e+00
-1.148652604376763753e+00,-1.148652604376763753e+00,-1.148652604376763753e+00,-1.447621971918839456e+00,-1.447621971918839456e+00,-1.488917337474255698e+00,-1.488917337474255698e+00,-1.489065191282463507e+00,-1.489065191282463507e+00,-1.489065191282463507e+00,-1.489065191282463507e+00
-1.468017839605873620e+00,-1.468017839605873620e+00,-1.468017839605873620e+00,-1.468017839605873620e+00,-1.468017839605873620e+00,-1.468017839605873620e+00,-1.468017839605873620e+00,-1.489051199892854171e+00,-1.489051199892854171e+00,-1.489051199892854171e+00,-1.489051199892854171e+00
-1.106250811576581672e+00,-1.323358188135683955e+00,-1.437434799075238301e+00,-1.488125679783738997e+00,-1.489040754412284340e+00,-1.489040754412284340e+00,-1.489040754412284340e+00,-1.489071727175859339e+00,-1.489071727175859339e+00,-1.489071727175859339e+00,-1.489071727175859339e+00
9.058300823840457691e-03,0.000000000000000000e+00,-1.149248905970387202e+00,-1.149248905970387202e+00,-1.149248905970387202e+00,-1.149248905970387202e+00,-1.149248905970387202e+00,-1.149248905970387202e+00,-1.150152671645161329e+00,-1.150152671645161329e+00,-1.150152671645161329e+00
-7.591887581151413045e-02,-7.591887581151413045e-02,-4.244517265191272148e-01,-4.244517265191272148e-01,-4.244517265191272148e-01,-4.612298946360237073e-01,-4.612298946360237073e-01,-1.459985788290477648e+00,-1.459985788290477648e+00,-1.459985788290477648e+00,-1.488802475560064176e+00
-3.913146475504647448e-01,-3.913146475504647448e-01,-4.574906354766427596e-01,-4.574906354766427596e-01,-5.804356089890360115e-01,-1.025691044116455508e+00,-1.133717081885700084e+00,-1.133717081885700084e+00,-1.133717081885700084e+00,-1.133717081885700084e+00,-1.488957728690431193e+00
-1.001271903341409919e+00,-1.001271903341409919e+00,-1.106481821630088014e+00,-1.149781254178562584e+00,-1.149781254178562584e+00,-1.468017839605873620e+00,-1.468017839605873620e+00,-1.488969706906607016e+00,-1.489072231699587245e+00,-1.489072231699587245e+00,-1.489072231699587245e+00
-1.212426587380636578e+00,-1.429946476897335783e+00,-1.477367853150037380e+00,-1.477367853150037380e+00,-1.489067121083289091e+00,-1.489067121083289091e+00,-1.489067121083289091e+00,-1.489067121083289091e+00,-1.489067121083289091e+00,-1.489067121083289091e+00,-1.489067121083289091e+00
-1.872048152911989227e-01,-4.989358900113535777e-01,-6.663691080137241762e-01,-8.157590250004959076e-01,-1.129606405888354592e+00,-1.129606405888354592e+00,-1.129606405888354592e+00,-1.129606405888354592e+00,-1.149714875282165094e+00,-1.149714875282165094e+00,-1.483799587036005896e+00
-1.318992615366756382e+00,-1.318992615366756382e+00,-1.318992615366756382e+00,-1.318992615366756382e+00,-1.431642501428344705e+00,-1.476029310812120299e+00,-1.476029310812120299e+00,-1.488668971983149181e+00,-1.489070491976086430e+00,-1.489070491976086430e+00,-1.489070491976086430e+00
-4.601725318554445443e-01,-4.601725318554445443e-01,-4.601725318554445443e-01,-4.601725318554445443e-01,-4.601725318554445443e-01,-1.102883532699877378e+00,-1.102883532699877378e+00,-1.149577041944938260e+00,-1.149577041944938260e+00,-1.149577041944938260e+00,-1.418043780275752175e+00
-8.274624838819485406e-01,-8.274624838819485406e-01,-1.050875069847822862e+00,-1.148741943976438362e+00,-1.148741943976438362e+00,-1.148741943976438362e+00,-1.148741943976438362e+00,-1.470143136846631782e+00,-1.488380908394264068e+00,-1.488380908394264068e+00,-1.489023210886496029e+00
-6.967688049990090893e-02,-6.967688049990090893e-02,-1.233888377069032594e-01,-1.233888377069032594e-01,-3.926673170284240011e-01,-3.926673170284240011e-01,-8.827631929167798486e-01,-8.827631929167798486e-01,-1.149232064766025907e+00,-1.149232064766025907e+00,-1.149232064766025907e+00
3.044273617765445167e-02,-4.316088226053567123e-01,-6.538568901369963271e-01,-7.933879494050064540e-01,-1.122257323701638221e+00,-1.122257323701638221e+00,-1.122257323701638221e+00,-1.122257323701638221e+00,-1.122257323701638221e+00,-1.488992710186057611e+00,-1.488992710186057611e+00
-9.163045956181400387e-01,-9.163045956181400387e-01,-9.163045956181400387e-01,-9.163045956181400387e-01,-1.149974321594099180e+00,-1.149974321594099180e+00,-1.150169985769024183e+00,-1.150169985769024183e+00,-1.150169985769024183e+00,-1.150169985769024183e+00,-1.150169985769024183e+00
-5.961303050418472749e-01,-5.961303050418472749e-01,-5.961303050418472749e-01,-5.961303050418472749e-01,-8.273003301779824348e-01,-1.135592906894101972e+00,-1.149099481832372760e+00,-1.150084343783039698e+00,-1.150084343783039698e+00,-1.150084343783039698e+00,-1.150084343783039698e+00
-6.182182148346797579e-01,-8.470601248796383320e-01,-9.972599925044308700e-01,-1.096699700342371520e+00,-1.096699700342371520e+00,-1.096699700342371520e+00,-1.146219991561197915e+00,-1.150064930032940858e+00,-1.150064930032940858e+00,-1.150155023046232294e+00,-1.150155023046232294e+00
-3.606913313964982826e-01,-3.606913313964982826e-01,-3.606913313964982826e-01,-3.606913313964982826e-01,-1.006383550224271284e+00,-1.006383550224271284e+00,-1.150160431356746615e+00,-1.150160431356746615e+00,-1.486997572842609028e+00,-1.486997572842609028e+00,-1.486997572842609028e+00
-4.525448964308952382e-01,-4.525448964308952382e-01,-4.525448964308952382e-01,-4.525448964308952382e-01,-4.525448964308952382e-01,-1.471512898107200984e+00,-1.471512898107200984e+00,-1.471512898107200984e+00,-1.471512898107200984e+00,-1.471512898107200984e+00,-1.489070261614070079e+00
-6.533381530244435353e-01,-1.151760563555428662e+00,-1.151760563555428662e+00,-1.487489199256227357e+00,-1.487489199256227357e+00,-1.487489199256227357e+00,-1.489071529339621947e+00,-1.489071529339621947e+00,-1.489071529339621947e+00,-1.489071529339621947e+00,-1.489071529339621947e+00
-1.326852617789792133e+00,-1.326852617789792133e+00,-1.342180854293157255e+00,-1.415101074089356592e+00,-1.480266251541410227e+00,-1.488970324329444761e+00,-1.488970324329444761e+00,-1.488990043983860811e+00,-1.488990043983860811e+00,-1.488990043983860811e+00,-1.488990043983860811e+00
-4.396897220679472085e-01,-4.396897220679472085e-01,-4.396897220679472085e-01,-1.148048541558475799e+00,-1.148048541558475799e+00,-1.148048541558475799e+00,-1.150058583394963252e+00,-1.150058583394963252e+00,-1.150164669204018164e+00,-1.150164669204018164e+00,-1.150164669204018164e+00
