-1.062162797265288339e-01,-1.062162797265288339e-01,-1.062162797265288339e-01,-1.062162797265288339e-01,-1.062162797265288339e-01,-1.067313182551438144e-01,-1.067313182551438144e-01,-1.067313182551438144e-01,-6.930170710584372396e-01,-6.930170710584372396e-01,-6.930170710584372396e-01
-1.476690425209302160e-01,-1.476690425209302160e-01,-1.630298693265103682e-01,-1.996577464449230122e-01,-2.787334969899993853e-01,-2.896959761896124586e-01,-5.204537732748641954e-01,-7.866621452055463370e-01,-7.886692755914439523e-01,-7.886692755914439523e-01,-7.886777771226264333e-01
-8.138223729031851539e-02,-1.241537748784636713e-01,-2.775538189939099620e-01,-2.835075568272200086e-01,-2.889033673387417234e-01,-2.889033673387417234e-01,-2.889033673387417234e-01,-2.889033673387417234e-01,-2.889033673387417234e-01,-2.889033673387417234e-01,-2.889033673387417234e-01
-7.519083226584881707e-01,-7.519083226584881707e-01,-7.519083226584881707e-01,-7.519083226584881707e-01,-7.815989119917788885e-01,-7.850278739108647041e-01,-7.857872298694703606e-01,-7.886849666704937034e-01,-7.886849666704937034e-01,-7.886849666704937034e-01,-7.886849666704937034e-01
-6.233458260642246729e-02,-1.617112887292714019e-01,-2.276460259427571242e-01,-2.719304926195904026e-01,-2.889161812734020174e-01,-2.889161812734020174e-01,-2.889161812734020174e-01,-2.889161812734020174e-01,-2.889161812734020174e-01,-2.889161812734020174e-01,-2.889161812734020174e-01
-2.822233165947143560e-02,-2.822233165947143560e-02,-3.013668707205849340e-02,-3.163385409871258963e-02,-3.849593813869403580e-02,-3.868450155898927462e-02,-3.868450155898927462e-02,-7.333052685426937334e-01,-7.333052685426937334e-01,-7.333052685426937334e-01,-7.862815199285977386e-01
-1.784564101487582377e-01,-2.558106196475819494e-01,-2.882334523053822206e-01,-2.882334523053822206e-01,-2.882334523053822206e-01,-2.882334523053822206e-01,-2.882334523053822206e-01,-2.882334523053822206e-01,-2.882334523053822206e-01,-2.882334523053822206e-01,-2.901403157345889827e-01
-9.347507225118527330e-02,-9.451550053271207119e-02,-9.623631427724002596e-02,-9.760848937331749464e-02,-9.760848937331749464e-02,-9.760848937331749464e-02,-9.760848937331749464e-02,-9.760848937331749464e-02,-1.297588907771508870e-01,-1.297588907771508870e-01,-2.229507337485127083e-01
-1.034441144636266685e-01,-1.034441144636266685e-01,-1.034441144636266685e-01,-1.052277952609302347e-01,-1.052277952609302347e-01,-1.052277952609302347e-01,-1.052277952609302347e-01,-1.052277952609302347e-01,-1.527540769505770502e-01,-2.639463574193293138e-01,-2.882572554529848619e-01
-7.449681563635632831e-01,-7.449681563635632831e-01,-7.449681563635632831e-01,-7.449681563635632831e-01,-7.828056330274177910e-01,-7.828056330274177910e-01,-7.828056330274177910e-01,-7.886042905137117254e-01,-7.886042905137117254e-01,-7.886042905137117254e-01,-7.886042905137117254e-01
-2.849726213242409489e-01,-2.849726213242409489e-01,-2.849726213242409489e-01,-2.849726213242409489e-01,-2.896317949960127147e-01,-2.896317949960127147e-01,-7.650456877986130388e-01,-7.650456877986130388e-01,-7.875037119803005581e-01,-7.875037119803005581e-01,-7.885222324129960159e-01
2.956079938895418702e-02,-1.048085734502015587e-01,-1.048085734502015587e-01,-1.049646333048126906e-01,-1.049646333048126906e-01,-1.049646333048126906e-01,-1.049646333048126906e-01,-2.415800080311388542e-01,-2.415800080311388542e-01,-2.882926341496555578e-01,-2.882926341496555578e-01
-1.012643776309772176e-01,-1.012643776309772176e-01,-1.012643776309772176e-01,-1.012643776309772176e-01,-1.012643776309772176e-01,-1.066562157155812596e-01,-1.066562157155812596e-01,-1.066562157155812596e-01,-1.948594204162211185e-01,-2.597007152928602070e-01,-2.900251954948382394e-01
-7.663630683996557058e-02,-7.733909633212955603e-02,-8.774288213697244154e-02,-8.907792847527949698e-02,-1.064200311074296884e-01,-1.064200311074296884e-01,-1.064200311074296884e-01,-7.333052685426937334e-01,-7.333052685426937334e-01,-7.333052685426937334e-01,-7.869124509511161714e-01
-3.579704098311638494e-01,-3.579704098311638494e-01,-3.579704098311638494e-01,-3.579704098311638494e-01,-3.924168998882217041e-01,-4.741082530280337215e-01,-5.393465551429189597e-01,-7.561983443516608894e-01,-7.870026686603076582e-01,-7.870026686603076582e-01,-7.886852044519835347e-01
-3.210960500568760950e-02,-2.776321188881229474e-01,-2.822569588311552580e-01,-2.822569588311552580e-01,-2.822569588311552580e-01,-2.822569588311552580e-01,-2.822569588311552580e-01,-2.892495143023120496e-01,-2.892495143023120496e-01,-2.892495143023120496e-01,-3.899598531385187750e-01
6.301137605881632076e-02,1.794415083154167923e-17,1.794415083154167923e-17,1.794415083154167923e-17,1.794415083154167923e-17,1.794415083154167923e-17,1.794415083154167923e-17,-7.308085412307619988e-01,-7.308085412307619988e-01,-7.512797528469032926e-01,-7.879703965764626172e-01
-6.963771223410720745e-01,-7.642367329224697414e-01,-7.642367329224697414e-01,-7.822265764981618519e-01,-7.875303518683929305e-01,-7.885452984367952167e-01,-7.885452984367952167e-01,-7.885452984367952167e-01,-7.885452984367952167e-01,-7.885452984367952167e-01,-7.885452984367952167e-01
-1.515255023425616798e-01,-1.515255023425616798e-01,-1.515255023425616798e-01,-1.926104970931154514e-01,-2.993674077849625692e-01,-4.010293774853500581e-01,-4.836598932154214103e-01,-7.839358779456966353e-01,-7.839358779456966353e-01,-7.839358779456966353e-01,-7.886672408565812420e-01
-1.701091736817570144e-01,-2.310823761162933976e-01,-2.762487211578605328e-01,-3.131785674716146550e-01,-6.472497726821262454e-01,-7.664321990471940627e-01,-7.886220532614656165e-01,-7.886571899799947882e-01,-7.886571899799947882e-01,-7.886571899799947882e-01,-7.886571899799947882e-01
1.957867671719585451e-02,-1.048085734502015587e-01,-1.048085734502015587e-01,-1.049655140560740302e-01,-1.051534851393879366e-01,-1.064682128406416045e-01,-1.064682128406416045e-01,-1.064682128406416045e-01,-6.930170710584372396e-01,-6.997299799738393444e-01,-6.997299799738393444e-01
-4.979496129122320397e-02,-6.472412283406281386e-02,-6.472412283406281386e-02,-6.989552920866815011e-02,-1.057075476426047739e-01,-1.057075476426047739e-01,-1.057075476426047739e-01,-1.057075476426047739e-01,-1.057075476426047739e-01,-1.067294881369488246e-01,-1.067294881369488246e-01
-9.985838610993796882e-02,-1.001647759155448181e-01,-1.001647759155448181e-01,-1.005333578771823305e-01,-1.034510236612355971e-01,-1.045537993201474947e-01,-6.492376663849516172e-01,-7.305366340202894548e-01,-7.305366340202894548e-01,-7.871727893604121284e-01,-7.886587681925547599e-01
-3.452328375228394530e-02,-3.662844147312024901e-02,-3.662844147312024901e-02,-3.662844147312024901e-02,-1.057075476426047739e-01,-1.057075476426047739e-01,-1.057075476426047739e-01,-1.057075476426047739e-01,-1.057075476426047739e-01,-1.067343297372257138e-01,-7.084282417268729093e-01
-3.579840069257756580e-02,-1.048085734502015587e-01,-1.048085734502015587e-01,-1.049629533724715652e-01,-1.058711571565946752e-01,-1.067212268316286988e-01,-1.067212268316286988e-01,-7.333052685426937334e-01,-7.333052685426937334e-01,-7.659070909483709499e-01,-7.886758757229089811e-01
