2.179660658207224488e-01,1.156322773049890673e-01,-2.779838056181788489e-02,-2.779838056181788489e-02,-2.779838056181788489e-02,-3.440594243188509205e-02,-3.440594243188509205e-02,-3.440594243188509205e-02,-3.440594243188509205e-02,-3.440594243188509205e-02,-3.552022545581706020e-02
1.656143249478706251e-03,1.656143249478706251e-03,1.656143249478706251e-03,1.656143249478706251e-03,-2.924578940760070786e-02,-2.924578940760070786e-02,-3.460261264356637168e-02,-3.460261264356637168e-02,-3.460261264356637168e-02,-3.460261264356637168e-02,-3.460261264356637168e-02
-1.997576812961009141e-02,-1.997576812961009141e-02,-1.997576812961009141e-02,-3.546947950821126294e-02,-3.546947950821126294e-02,-3.546947950821126294e-02,-3.546947950821126294e-02,-3.546947950821126294e-02,-3.546947950821126294e-02,-3.546947950821126294e-02,-3.546947950821126294e-02
-3.138774239386004500e-02,-3.138774239386004500e-02,-3.138774239386004500e-02,-3.138774239386004500e-02,-3.138774239386004500e-02,-3.138774239386004500e-02,-3.138774239386004500e-02,-3.138774239386004500e-02,-3.304009666710432808e-02,-3.304009666710432808e-02,-3.304009666710432808e-02
1.330739548039909168e-02,1.330739548039909168e-02,1.330739548039909168e-02,1.330739548039909168e-02,-3.528490756954461016e-02,-3.528490756954461016e-02,-3.528490756954461016e-02,-3.528490756954461016e-02,-3.528490756954461016e-02,-3.528490756954461016e-02,-3.528490756954461016e-02
-3.551203792757506861e-02,-3.551203792757506861e-02,-3.551203792757506861e-02,-3.551203792757506861e-02,-3.551203792757506861e-02,-3.551203792757506861e-02,-3.551203792757506861e-02,-3.551203792757506861e-02,-3.551203792757506861e-02,-3.551203792757506861e-02,-3.551203792757506861e-02
2.480147143026190104e-02,-3.524266045248446166e-02,-3.524266045248446166e-02,-3.524266045248446166e-02,-3.524266045248446166e-02,-3.524266045248446166e-02,-3.524266045248446166e-02,-3.524266045248446166e-02,-3.524266045248446166e-02,-3.524266045248446166e-02,-3.524266045248446166e-02
2.048122075334029846e-01,2.048122075334029846e-01,7.923863457629901075e-02,-1.053821490185991201e-02,-3.007909694240069876e-02,-3.007909694240069876e-02,-3.372076291038227092e-02,-3.553303082902897064e-02,-3.553303082902897064e-02,-3.553303082902897064e-02,-3.553303082902897064e-02
2.603246069025292098e+00,-3.522281528493151348e-02,-3.522281528493151348e-02,-3.522281528493151348e-02,-3.522281528493151348e-02,-3.522281528493151348e-02,-3.522281528493151348e-02,-3.522281528493151348e-02,-3.522281528493151348e-02,-3.522281528493151348e-02,-3.522281528493151348e-02
2.273487554137448630e+00,-2.386923562172271751e-02,-2.386923562172271751e-02,-2.386923562172271751e-02,-2.386923562172271751e-02,-2.386923562172271751e-02,-3.535673347582535958e-02,-3.535673347582535958e-02,-3.535673347582535958e-02,-3.535673347582535958e-02,-3.535673347582535958e-02
-2.112195059074999798e-02,-2.112195059074999798e-02,-2.112195059074999798e-02,-2.112195059074999798e-02,-3.550461855899424840e-02,-3.550461855899424840e-02,-3.550461855899424840e-02,-3.550461855899424840e-02,-3.550461855899424840e-02,-3.550461855899424840e-02,-3.550461855899424840e-02
-3.213913682293085411e-02,-3.213913682293085411e-02,-3.316935186853115641e-02,-3.512893558436984420e-02,-3.512893558436984420e-02,-3.512893558436984420e-02,-3.512893558436984420e-02,-3.512893558436984420e-02,-3.512893558436984420e-02,-3.512893558436984420e-02,-3.512893558436984420e-02
2.906328767633971702e-02,2.906328767633971702e-02,2.906328767633971702e-02,2.906328767633971702e-02,-2.564926772890309056e-02,-3.552933697771670091e-02,-3.552933697771670091e-02,-3.552933697771670091e-02,-3.552933697771670091e-02,-3.552933697771670091e-02,-3.552933697771670091e-02
1.629950809413216739e-01,-1.643955417590986165e-02,-1.643955417590986165e-02,-1.643955417590986165e-02,-3.342165969099766820e-02,-3.342165969099766820e-02,-3.342165969099766820e-02,-3.342165969099766820e-02,-3.342165969099766820e-02,-3.549881372301077337e-02,-3.549881372301077337e-02
-3.290685918386242886e-02,-3.290685918386242886e-02,-3.290685918386242886e-02,-3.290685918386242886e-02,-3.290685918386242886e-02,-3.290685918386242886e-02,-3.501957859587520594e-02,-3.501957859587520594e-02,-3.501957859587520594e-02,-3.501957859587520594e-02,-3.501957859587520594e-02
1.248711649596833707e-02,1.248711649596833707e-02,1.248711649596833707e-02,-3.547786525254050666e-02,-3.547786525254050666e-02,-3.547786525254050666e-02,-3.547786525254050666e-02,-3.547786525254050666e-02,-3.547786525254050666e-02,-3.547786525254050666e-02,-3.547786525254050666e-02
2.266252538358301538e-02,-2.617743259607476641e-02,-2.617743259607476641e-02,-2.617743259607476641e-02,-2.617743259607476641e-02,-3.501137118899542294e-02,-3.501137118899542294e-02,-3.501137118899542294e-02,-3.501137118899542294e-02,-3.501137118899542294e-02,-3.501137118899542294e-02
1.397119277247740043e-01,1.397119277247740043e-01,3.172228273771520671e-03,-3.521021473013653813e-02,-3.521021473013653813e-02,-3.521021473013653813e-02,-3.521021473013653813e-02,-3.521021473013653813e-02,-3.521021473013653813e-02,-3.521021473013653813e-02,-3.521021473013653813e-02
1.789694169763304255e-01,1.789694169763304255e-01,1.789694169763304255e-01,7.446156246161680925e-02,-1.506760514876222951e-02,-1.506760514876222951e-02,-3.413145898323333843e-02,-3.413145898323333843e-02,-3.413145898323333843e-02,-3.413145898323333843e-02,-3.546467452963766864e-02
-3.527328506629433952e-02,-3.527328506629433952e-02,-3.527328506629433952e-02,-3.527328506629433952e-02,-3.527328506629433952e-02,-3.527328506629433952e-02,-3.527328506629433952e-02,-3.527328506629433952e-02,-3.527328506629433952e-02,-3.527328506629433952e-02,-3.527328506629433952e-02
1.652800181863596785e-01,1.652800181863596785e-01,1.652800181863596785e-01,6.286746104501451937e-02,-4.870846836698443892e-03,-2.912184824614388531e-02,-2.912184824614388531e-02,-3.336675656035207466e-02,-3.553293887973392462e-02,-3.553293887973392462e-02,-3.553293887973392462e-02
2.250581500840803939e-01,2.250581500840803939e-01,1.629615612480535825e-01,5.424466528396036658e-02,-1.483908220030995522e-03,-3.296699485492328441e-02,-3.296699485492328441e-02,-3.296699485492328441e-02,-3.296699485492328441e-02,-3.418621398731944150e-02,-3.545779664301661888e-02
-3.410116944967877400e-02,-3.410116944967877400e-02,-3.410116944967877400e-02,-3.543831337681522392e-02,-3.543831337681522392e-02,-3.543831337681522392e-02,-3.543831337681522392e-02,-3.543831337681522392e-02,-3.543831337681522392e-02,-3.543831337681522392e-02,-3.543831337681522392e-02
-2.003655468586390195e-02,-2.003655468586390195e-02,-2.003655468586390195e-02,-3.499183311443480188e-02,-3.499183311443480188e-02,-3.499183311443480188e-02,-3.499183311443480188e-02,-3.499183311443480188e-02,-3.499183311443480188e-02,-3.499183311443480188e-02,-3.499183311443480188e-02
2.088130728730454577e-01,2.088130728730454577e-01,1.075930094226192762e-01,3.633773340673728675e-02,-2.267138965468964984e-02,-3.538472857633408880e-02,-3.538472857633408880e-02,-3.538472857633408880e-02,-3.538472857633408880e-02,-3.538472857633408880e-02,-3.538472857633408880e-02
