2.179660658207224488e-01,1.693389336660544864e-01,1.693389336660544864e-01,1.693389336660544864e-01,4.411359717406061060e-02,-1.634090813967456479e-02,-3.000003843138331072e-02,-3.506966352600406067e-02,-3.506966352600406067e-02,-3.506966352600406067e-02,-3.553387366682148052e-02
1.656143249478706251e-03,-7.981001900083464079e-03,-1.021678596569667620e-02,-1.368934674668960925e-02,-3.547935014025033890e-02,-3.547935014025033890e-02,-3.547935014025033890e-02,-3.553137856209419299e-02,-3.553137856209419299e-02,-3.553137856209419299e-02,-3.553137856209419299e-02
-1.997576812961009141e-02,-1.997576812961009141e-02,-1.997576812961009141e-02,-3.519135108098834369e-02,-3.519135108098834369e-02,-3.519135108098834369e-02,-3.524167579762727681e-02,-3.549546747360708687e-02,-3.549546747360708687e-02,-3.549546747360708687e-02,-3.549546747360708687e-02
-3.138774239386004500e-02,-3.138774239386004500e-02,-3.424749514086962432e-02,-3.424749514086962432e-02,-3.516710522878890854e-02,-3.516710522878890854e-02,-3.541045749311871882e-02,-3.544592883013874401e-02,-3.545936549144625138e-02,-3.545936549144625138e-02,-3.545936549144625138e-02
1.330739548039909168e-02,1.330739548039909168e-02,1.330739548039909168e-02,-1.368934674668960925e-02,-1.784917470137210513e-02,-1.812193319716940559e-02,-3.414481148118118231e-02,-3.553274381996029269e-02,-3.553274381996029269e-02,-3.553274381996029269e-02,-3.553274381996029269e-02
-3.551203792757506861e-02,-3.551203792757506861e-02,-3.551203792757506861e-02,-3.551203792757506861e-02,-3.551203792757506861e-02,-3.551203792757506861e-02,-3.551203792757506861e-02,-3.551203792757506861e-02,-3.551203792757506861e-02,-3.551203792757506861e-02,-3.551203792757506861e-02
2.480147143026190104e-02,1.720582758906541790e-02,1.593916856418740521e-02,-1.484421505693270986e-03,-3.460643466723947737e-02,-3.460643466723947737e-02,-3.460643466723947737e-02,-3.545817341090815727e-02,-3.548174571553504991e-02,-3.548174571553504991e-02,-3.548174571553504991e-02
2.048122075334029846e-01,1.693389336660544864e-01,1.693389336660544864e-01,1.693389336660544864e-01,1.693389336660544864e-01,1.693389336660544864e-01,1.689013200104027834e-01,1.179511153834621462e-01,3.587604395260427566e-03,-3.330668145115177337e-02,-3.543394403546731852e-02
2.603246069025292098e+00,2.603246069025292098e+00,2.521500455566078713e+00,2.521500455566078713e+00,2.429189718830206068e+00,2.153846153846153744e+00,-1.287327490640357338e-03,-1.287327490640357338e-03,-5.666512644849010412e-03,-9.407281809438575171e-03,-3.289723054653673900e-02
2.273487554137448630e+00,2.203018639492206443e+00,2.202148903338793318e+00,2.187492700245103894e+00,2.187492700245103894e+00,2.176965694868494783e+00,2.122046043564562723e-01,2.122046043564562723e-01,-1.816393416802779964e-02,-1.816393416802779964e-02,-3.311001141386835100e-02
-2.112195059074999798e-02,-2.112195059074999798e-02,-3.424749514086962432e-02,-3.519338647228702210e-02,-3.519338647228702210e-02,-3.519338647228702210e-02,-3.519338647228702210e-02,-3.540109275921341642e-02,-3.540109275921341642e-02,-3.540109275921341642e-02,-3.540109275921341642e-02
-3.213913682293085411e-02,-3.213913682293085411e-02,-3.213913682293085411e-02,-3.213913682293085411e-02,-3.213913682293085411e-02,-3.449524912667628618e-02,-3.550504794457386842e-02,-3.550504794457386842e-02,-3.550504794457386842e-02,-3.550504794457386842e-02,-3.550504794457386842e-02
2.906328767633971702e-02,2.247092958931411200e-02,7.596559904724871533e-03,2.586175282609316827e-04,-3.513208197540963751e-02,-3.524191789694370441e-02,-3.548810271054687882e-02,-3.548810271054687882e-02,-3.553283281355757578e-02,-3.553283281355757578e-02,-3.553283281355757578e-02
1.629950809413216739e-01,1.629950809413216739e-01,3.821709002805901562e-02,3.515418999441871639e-02,3.515418999441871639e-02,3.447224423676791688e-02,-2.117186548052325812e-02,-3.493097536860998581e-02,-3.542153225478694711e-02,-3.542153225478694711e-02,-3.542153225478694711e-02
-3.290685918386242886e-02,-3.290685918386242886e-02,-3.290685918386242886e-02,-3.519135108098834369e-02,-3.519135108098834369e-02,-3.519135108098834369e-02,-3.548451472676643348e-02,-3.552220764190294755e-02,-3.553116411426538584e-02,-3.553116411426538584e-02,-3.553116411426538584e-02
1.248711649596833707e-02,1.248711649596833707e-02,4.425770153256193963e-04,-1.389055269025627013e-03,-1.259355971816000092e-02,-3.449787008166144142e-02,-3.449787008166144142e-02,-3.449787008166144142e-02,-3.449787008166144142e-02,-3.449787008166144142e-02,-3.449787008166144142e-02
2.266252538358301538e-02,1.726435795275579888e-02,1.726435795275579888e-02,-1.484421505693270986e-03,-1.254324706651679423e-02,-3.236289040561954322e-02,-3.236289040561954322e-02,-3.236289040561954322e-02,-3.236289040561954322e-02,-3.236289040561954322e-02,-3.236289040561954322e-02
1.397119277247740043e-01,1.397119277247740043e-01,-3.487593215833324767e-02,-3.487593215833324767e-02,-3.487593215833324767e-02,-3.487593215833324767e-02,-3.487593215833324767e-02,-3.487593215833324767e-02,-3.487593215833324767e-02,-3.487593215833324767e-02,-3.487593215833324767e-02
1.789694169763304255e-01,1.789694169763304255e-01,7.596559904724871533e-03,-1.368934674668960925e-02,-1.784056081776257824e-02,-3.355846514824857574e-02,-3.355846514824857574e-02,-3.397724035039475371e-02,-3.397724035039475371e-02,-3.397724035039475371e-02,-3.469629673325214797e-02
-3.527328506629433952e-02,-3.527328506629433952e-02,-3.527328506629433952e-02,-3.527328506629433952e-02,-3.527328506629433952e-02,-3.527328506629433952e-02,-3.527328506629433952e-02,-3.543983553900784816e-02,-3.553362300880236885e-02,-3.553362300880236885e-02,-3.553362300880236885e-02
1.652800181863596785e-01,1.652800181863596785e-01,1.652800181863596785e-01,1.652800181863596785e-01,6.491029638150459802e-02,3.445582175668840137e-03,-3.223242586837481855e-02,-3.551905403692506152e-02,-3.551905403692506152e-02,-3.551905403692506152e-02,-3.551905403692506152e-02
2.250581500840803939e-01,2.185920245341569368e-01,2.185920245341569368e-01,2.155177125207393407e-01,1.468013936800618702e-01,1.396939053858783364e-01,2.054960563966920159e-02,-3.196613503244524757e-02,-3.536146439990024010e-02,-3.536146439990024010e-02,-3.536146439990024010e-02
-3.410116944967877400e-02,-3.410116944967877400e-02,-3.410116944967877400e-02,-3.552596229440643100e-02,-3.552596229440643100e-02,-3.552596229440643100e-02,-3.552596229440643100e-02,-3.552596229440643100e-02,-3.552596229440643100e-02,-3.552596229440643100e-02,-3.552596229440643100e-02
-2.003655468586390195e-02,-2.080068528874161327e-02,-2.766116466865025519e-02,-2.766116466865025519e-02,-3.517805336923596898e-02,-3.517805336923596898e-02,-3.517805336923596898e-02,-3.517805336923596898e-02,-3.517805336923596898e-02,-3.517805336923596898e-02,-3.517805336923596898e-02
2.088130728730454577e-01,2.084478313614214207e-01,2.084478313614214207e-01,2.019699650551016190e-01,2.005706108557997747e-01,1.404030442580638527e-01,1.328489507710700901e-01,2.043367939749216738e-02,-3.011853443188885690e-02,-3.011853443188885690e-02,-3.553203735611428632e-02
