2.179660658207224488e-01,2.114611231749214670e-01,1.954494114577813857e-01,1.851148517958413620e-01,4.711634024374504459e-02,4.711634024374504459e-02,2.099136734464895210e-02,-3.522051627704445714e-02,-3.522051627704445714e-02,-3.522051627704445714e-02,-3.522051627704445714e-02
1.656143249478706251e-03,1.656143249478706251e-03,1.656143249478706251e-03,1.656143249478706251e-03,1.656143249478706251e-03,1.656143249478706251e-03,-2.944303194685695194e-02,-3.252869277007754828e-02,-3.252869277007754828e-02,-3.252869277007754828e-02,-3.428324944029347010e-02
-1.997576812961009141e-02,-1.997576812961009141e-02,-3.553126549126005285e-02,-3.553126805306253133e-02,-3.553126805306253133e-02,-3.553126805306253133e-02,-3.553126805306253133e-02,-3.553126805306253133e-02,-3.553126805306253133e-02,-3.553126805306253133e-02,-3.553126805306253133e-02
-3.138774239386004500e-02,-3.138774239386004500e-02,-3.387040019192241735e-02,-3.492916637372769223e-02,-3.492916637372769223e-02,-3.492916637372769223e-02,-3.492916637372769223e-02,-3.492916637372769223e-02,-3.492916637372769223e-02,-3.492916637372769223e-02,-3.492916637372769223e-02
1.330739548039909168e-02,1.330739548039909168e-02,-3.543788031661659205e-02,-3.543788367436297854e-02,-3.543788367436297854e-02,-3.543788367436297854e-02,-3.543788367436297854e-02,-3.543788367436297854e-02,-3.543788367436297854e-02,-3.543788367436297854e-02,-3.544915086433177848e-02
-3.551203792757506861e-02,-3.551203792757506861e-02,-3.551203792757506861e-02,-3.551203792757506861e-02,-3.551203792757506861e-02,-3.551203792757506861e-02,-3.551203792757506861e-02,-3.551203792757506861e-02,-3.551203792757506861e-02,-3.551203792757506861e-02,-3.551203792757506861e-02
2.480147143026190104e-02,-2.931121682570434969e-02,-3.524038759358185530e-02,-3.524038759358185530e-02,-3.533696184193117762e-02,-3.533696184193117762e-02,-3.533696184193117762e-02,-3.539055484013083758e-02,-3.539055484013083758e-02,-3.539055484013083758e-02,-3.540394124730929931e-02
2.048122075334029846e-01,1.076518765688401214e-01,1.076518765688401214e-01,1.076518765688401214e-01,-9.355134403908212624e-04,-1.858664821309927162e-02,-2.477278162844122680e-02,-3.375076743987294459e-02,-3.375076743987294459e-02,-3.375076743987294459e-02,-3.385864258988197789e-02
2.603246069025292098e+00,2.603246069025292098e+00,2.450215464774202268e+00,2.332639269594634968e+00,-2.254721833179774634e-02,-3.136691548184994405e-02,-3.136733490415020281e-02,-3.290109094720833349e-02,-3.290109094720833349e-02,-3.290109094720833349e-02,-3.397045690760290559e-02
2.273487554137448630e+00,2.273487554137448630e+00,2.190791615469087183e+00,2.190791615469087183e+00,-3.341269930586619752e-02,-3.479684976439197802e-02,-3.479688895255097364e-02,-3.495414251594688299e-02,-3.495414251594688299e-02,-3.495414251594688299e-02,-3.499839517205629441e-02
-2.112195059074999798e-02,-2.112195059074999798e-02,-2.112195059074999798e-02,-3.046378630950973693e-02,-3.046378630950973693e-02,-3.096235824093050704e-02,-3.096241215259225993e-02,-3.120997950488925768e-02,-3.120997950488925768e-02,-3.120999201962411720e-02,-3.166705810955747907e-02
-3.213913682293085411e-02,-3.264081946510483112e-02,-3.264085154035362146e-02,-3.264085154035362146e-02,-3.463149295192025773e-02,-3.463548348909890190e-02,-3.463554884334035106e-02,-3.469516431413962460e-02,-3.470762554579306242e-02,-3.470762554579306242e-02,-3.473035910153609435e-02
2.906328767633971702e-02,2.906328767633971702e-02,9.618818831778345319e-03,-2.719628015559903602e-04,-2.719628015559903602e-04,-2.719628015559903602e-04,-3.152509231652846772e-02,-3.152509231652846772e-02,-3.152509231652846772e-02,-3.373926007766381990e-02,-3.413018405538147115e-02
1.629950809413216739e-01,1.439085490105728726e-01,9.280104225234969695e-02,6.373420287717035393e-02,-2.665176863615476358e-02,-2.665176863615476358e-02,-2.665176863615476358e-02,-2.665176863615476358e-02,-2.665176863615476358e-02,-2.665176863615476358e-02,-2.665176863615476358e-02
-3.290685918386242886e-02,-3.290685918386242886e-02,-3.406380669169862402e-02,-3.406381435265385532e-02,-3.504181160265282258e-02,-3.504181160265282258e-02,-3.504181160265282258e-02,-3.512707895474646846e-02,-3.512707895474646846e-02,-3.512707895474646846e-02,-3.534300733628718133e-02
1.248711649596833707e-02,-3.431353404136006785e-02,-3.431775335400764210e-02,-3.431795913523765645e-02,-3.431795913523765645e-02,-3.514186891453899286e-02,-3.514188508308915132e-02,-3.547269827079174015e-02,-3.547612716068204025e-02,-3.547612716068204025e-02,-3.549785119305663011e-02
2.266252538358301538e-02,2.266252538358301538e-02,-8.098692723319853015e-03,-1.816201643239698238e-02,-1.816201643239698238e-02,-1.816201643239698238e-02,-1.816201643239698238e-02,-3.552431089965144700e-02,-3.552431089965144700e-02,-3.552431089965144700e-02,-3.552431089965144700e-02
1.397119277247740043e-01,1.397119277247740043e-01,5.861623539049438600e-03,-2.877115232450474722e-02,-3.533788784850163539e-02,-3.533788784850163539e-02,-3.533788784850163539e-02,-3.539770764699774752e-02,-3.539770764699774752e-02,-3.539770764699774752e-02,-3.543043401616872284e-02
1.789694169763304255e-01,1.698743642298520540e-01,1.464411811931826402e-01,1.317838425335330910e-01,1.317838425335330910e-01,2.223039804186720605e-02,-2.361620410387025790e-02,-2.361620410387025790e-02,-3.313248823733772053e-02,-3.313249759416841966e-02,-3.434614101363938493e-02
-3.527328506629433952e-02,-3.527328506629433952e-02,-3.541725636360834595e-02,-3.541725636360834595e-02,-3.546765460922254865e-02,-3.546765460922254865e-02,-3.546765460922254865e-02,-3.548508100349152122e-02,-3.548508100349152122e-02,-3.548508100349152122e-02,-3.548997435280180912e-02
1.652800181863596785e-01,1.652800181863596785e-01,7.052742871761835675e-02,2.306584891482088909e-02,2.306584891482088909e-02,-2.412418203052787632e-02,-2.412560266384577642e-02,-3.328167110526333156e-02,-3.328167110526333156e-02,-3.328167110526333156e-02,-3.380410873624299650e-02
2.250581500840803939e-01,1.535827339844144102e-01,4.235413672679914227e-02,-1.203084125377910582e-02,-1.203084125377910582e-02,-3.124701815396275714e-02,-3.124701815396275714e-02,-3.328110745940926485e-02,-3.328110745940926485e-02,-3.328110745940926485e-02,-3.374737878966022064e-02
-3.410116944967877400e-02,-3.419321147359297847e-02,-3.419321147359297847e-02,-3.419321147359297847e-02,-3.419321147359297847e-02,-3.419321147359297847e-02,-3.552296074348752081e-02,-3.552296074348752081e-02,-3.552296074348752081e-02,-3.552296074348752081e-02,-3.552859727345875768e-02
-2.003655468586390195e-02,-3.451407594365633880e-02,-3.451407594365633880e-02,-3.480167830640867876e-02,-3.526276523782516381e-02,-3.535678497897369599e-02,-3.535678497897369599e-02,-3.535678497897369599e-02,-3.539240933910046266e-02,-3.539240933910046266e-02,-3.539240933910046266e-02
2.088130728730454577e-01,1.436301562871217241e-01,3.677352083061610072e-02,-1.277183841563843576e-02,-1.277183841563843576e-02,-3.099788925213690927e-02,-3.099997126053647203e-02,-3.363335348106856471e-02,-3.363335348106856471e-02,-3.363335348106856471e-02,-3.393880080413678307e-02
