2.179660658207224488e-01,2.179660658207224488e-01,2.043152523116751884e-01,1.958865922522672887e-01,8.031852244173602606e-02,8.031852244173602606e-02,5.949823089065520154e-02,-1.591393343021726275e-02,-3.466326064301392812e-02,-3.552271193190503773e-02,-3.552271193190503773e-02
1.656143249478706251e-03,1.656143249478706251e-03,1.656143249478706251e-03,1.656143249478706251e-03,1.656143249478706251e-03,1.656143249478706251e-03,-4.828945227210968208e-03,-1.838935955126221738e-02,-2.719769110537601994e-02,-3.045945383953778743e-02,-3.271975118416405037e-02
-1.997576812961009141e-02,-1.997576812961009141e-02,-3.049559502382541074e-02,-3.482301002013733771e-02,-3.544087742816814934e-02,-3.547879145935124018e-02,-3.548496204120763636e-02,-3.551277576608673908e-02,-3.551277576608673908e-02,-3.551277576608673908e-02,-3.551694824918149446e-02
-3.138774239386004500e-02,-3.138774239386004500e-02,-3.150105672202878349e-02,-3.150105672202878349e-02,-3.150105672202878349e-02,-3.150105672202878349e-02,-3.150105672202878349e-02,-3.361317675313980208e-02,-3.412520985572988635e-02,-3.422485717176711878e-02,-3.427603520740358373e-02
1.330739548039909168e-02,1.330739548039909168e-02,-2.508714536570779211e-02,-3.428701833564523627e-02,-3.542088380239622608e-02,-3.549441075704130866e-02,-3.549441075704130866e-02,-3.549441075704130866e-02,-3.549441075704130866e-02,-3.549441075704130866e-02,-3.549441075704130866e-02
-3.551203792757506861e-02,-3.551203792757506861e-02,-3.551203792757506861e-02,-3.551203792757506861e-02,-3.551203792757506861e-02,-3.551203792757506861e-02,-3.551203792757506861e-02,-3.551203792757506861e-02,-3.551203792757506861e-02,-3.551203792757506861e-02,-3.551203792757506861e-02
2.480147143026190104e-02,-2.016571929421357920e-02,-3.153864377075586700e-02,-3.452849949373327371e-02,-3.521647148524534310e-02,-3.529471863159935191e-02,-3.530469121157391726e-02,-3.534685890218170617e-02,-3.534685890218170617e-02,-3.534685890218170617e-02,-3.535947821086705273e-02
2.048122075334029846e-01,2.048122075334029846e-01,2.048122075334029846e-01,2.048122075334029846e-01,1.631715873368551062e-01,1.256965797437833710e-01,8.634604549892760383e-02,3.427949541079698681e-02,5.862343106949357251e-03,5.862343106949357251e-03,-1.320045151190379039e-02
2.603246069025292098e+00,2.603246069025292098e+00,2.478671019569185230e+00,2.390513668516354606e+00,8.283662167405221599e-02,1.589256510205895589e-02,8.196940723026109252e-03,8.196940723026109252e-03,8.196940723026109252e-03,-8.313839310800807568e-04,-8.313839310800807568e-04
2.273487554137448630e+00,2.273487554137448630e+00,2.204509362290822505e+00,2.156661931820023526e+00,-9.660289926703419586e-03,-2.305901573468051996e-02,-2.305901573468051996e-02,-2.700230028911407634e-02,-2.789701969919376745e-02,-2.804198411832017901e-02,-2.804198411832017901e-02
-2.112195059074999798e-02,-2.112195059074999798e-02,-2.745460845663034999e-02,-2.879135944205569661e-02,-2.879135944205569661e-02,-2.901492366878140328e-02,-2.901492366878140328e-02,-2.917614762254835958e-02,-2.917614762254835958e-02,-2.917614762254835958e-02,-2.917614762254835958e-02
-3.213913682293085411e-02,-3.213913682293085411e-02,-3.220134394779491926e-02,-3.220134394779491926e-02,-3.399411320725736346e-02,-3.432380255442576966e-02,-3.437736778937275361e-02,-3.444824677104628419e-02,-3.447298410178779166e-02,-3.447723665177347685e-02,-3.449981008628188323e-02
2.906328767633971702e-02,2.423234115595070473e-02,8.800153627128239758e-03,6.321380520281780690e-04,6.321380520281780690e-04,6.321380520281780690e-04,-1.056558284032237290e-02,-2.455280344396304493e-02,-3.044444508766576754e-02,-3.222636512747088094e-02,-3.311741299975903136e-02
1.629950809413216739e-01,1.495562545309267743e-01,1.069167792182909443e-01,8.214206267972877507e-02,-1.642332492925140802e-02,-2.972406535383764412e-02,-3.201157293122936648e-02,-3.201157293122936648e-02,-3.201157293122936648e-02,-3.201157293122936648e-02,-3.201157293122936648e-02
-3.290685918386242886e-02,-3.290685918386242886e-02,-3.381491571597010359e-02,-3.402877610914234463e-02,-3.480133439490280811e-02,-3.495658544732174050e-02,-3.498926236797635092e-02,-3.507936921222006010e-02,-3.509132271459094315e-02,-3.509132271459094315e-02,-3.529946834375143755e-02
1.248711649596833707e-02,-2.867344276073137757e-02,-3.425740068789506765e-02,-3.530282186029035096e-02,-3.530282186029035096e-02,-3.547894893214051382e-02,-3.548298150801793005e-02,-3.549601050342603842e-02,-3.549964562311669347e-02,-3.549964562311669347e-02,-3.550391812535110686e-02
2.266252538358301538e-02,1.479758022701347861e-02,-6.823590663524337942e-03,-1.596416335815563012e-02,-1.596416335815563012e-02,-1.596416335815563012e-02,-3.019257594119570051e-02,-3.019257594119570051e-02,-3.209665132697168272e-02,-3.260139628621496616e-02,-3.394471423995461257e-02
1.397119277247740043e-01,1.397119277247740043e-01,3.429795030689491986e-02,-9.524490862474309025e-03,-3.135838215272309520e-02,-3.499185141260086063e-02,-3.534956029261650950e-02,-3.544648825726318814e-02,-3.544648825726318814e-02,-3.544648825726318814e-02,-3.547529623307559693e-02
1.789694169763304255e-01,1.725414596893017072e-01,1.526312895560968941e-01,1.526312895560968941e-01,7.177850006234340330e-02,7.177850006234340330e-02,2.854086804184028867e-02,1.106925573682999682e-03,-1.497473526945551289e-02,-2.470926359269549899e-02,-3.081857463489574844e-02
-3.527328506629433952e-02,-3.527328506629433952e-02,-3.538875063629306345e-02,-3.541461534759961227e-02,-3.541461534759961227e-02,-3.545907821997363457e-02,-3.547058660483486114e-02,-3.548756545569499432e-02,-3.548756545569499432e-02,-3.548756545569499432e-02,-3.549352724496250555e-02
1.652800181863596785e-01,1.652800181863596785e-01,8.859618622367408658e-02,4.639675384099053307e-02,4.639675384099053307e-02,1.329340572516180333e-02,-4.624614114456047920e-03,-2.025462536481826073e-02,-2.711559290471289227e-02,-2.979827066557035053e-02,-3.183510118277464024e-02
2.250581500840803939e-01,1.750469310313295113e-01,8.255960649347859892e-02,2.518224769315839662e-02,2.518224769315839662e-02,1.000406689949430612e-02,-7.718115653696846871e-03,-2.267025088595574223e-02,-2.797271872261501702e-02,-2.993080339204498216e-02,-3.139801757154108558e-02
-3.410116944967877400e-02,-3.416639203783771589e-02,-3.416923635833096079e-02,-3.416923635833096079e-02,-3.416923635833096079e-02,-3.416923635833096079e-02,-3.547952762376577890e-02,-3.547952762376577890e-02,-3.553372520791497208e-02,-3.553372520791497208e-02,-3.553372520791497208e-02
-2.003655468586390195e-02,-3.250446199397465097e-02,-3.250446199397465097e-02,-3.461599748285610484e-02,-3.524759726258305803e-02,-3.536467664766135277e-02,-3.539186689744037301e-02,-3.539186689744037301e-02,-3.540263651539372197e-02,-3.540322689924418204e-02,-3.540322689924418204e-02
2.088130728730454577e-01,1.631164691781404330e-01,7.324598136449704533e-02,2.000013000255334780e-02,2.000013000255334780e-02,4.481130987394714438e-03,-1.160644207401878222e-02,-2.473480262213841388e-02,-2.921536971027664104e-02,-3.072673706528225579e-02,-3.181977371088245271e-02
